-1.66|0.04 -1.53|0.05 -1.41|0.06 -1.28|0.06 -1.15|0.07 -1.03|0.08 -0.96|0.08 -0.89|0.08 -0.82|0.07 -0.75|0.07 -0.68|0.07 -0.62|0.07 -0.55|0.06 -0.48|0.05 -0.41|0.05 -0.34|0.04 -0.27|0.03 -0.20|0.03 -0.14|0.02 -0.07|0.01 0.00|0.00
0.07|-0.01 0.14|-0.02 0.20|-0.04 0.27|-0.05 0.34|-0.06 0.36|-0.07 0.37|-0.08 0.39|-0.09 0.41|-0.10 0.43|-0.11 0.44|-0.12 0.46|-0.12 0.48|-0.13 0.50|-0.14 0.51|-0.15 0.53|-0.16 0.55|-0.17 0.56|-0.18 0.58|-0.19 0.60|-0.20 0.62|-0.21 0.63|-0.22 0.65|-0.23 0.67|-0.24 0.68|-0.25 0.70|-0.26 0.72|-0.27 0.74|-0.28 0.75|-0.29 0.77|-0.30 0.79|-0.31 0.80|-0.32 0.82|-0.33 0.84|-0.34 0.85|-0.35 0.92|-0.38 1.00|-0.41 1.07|-0.44 1.14|-0.47 1.21|-0.50 1.28|-0.53 1.35|-0.56 1.42|-0.59 1.49|-0.62 1.56|-0.65 1.62|-0.68 1.69|-0.72 1.76|-0.75 1.83|-0.79 1.90|-0.82 2.10|-0.91 2.30|-1.00 2.49|-1.10 2.69|-1.19 2.89|-1.28 3.08|-1.40 3.26|-1.51 3.45|-1.63 3.63|-1.74 3.82|-1.86
-1.37|0.08 -1.30|0.08 -1.23|0.08 -1.17|0.08 -1.10|0.08 -1.03|0.08 -0.96|0.08 -0.89|0.08 -0.82|0.07 -0.75|0.07 -0.68|0.07 -0.62|0.07 -0.55|0.06 -0.48|0.05 -0.41|0.05 -0.34|0.04 -0.27|0.03 -0.20|0.03 -0.14|0.02 -0.07|0.01 0.00|0.00
0.02|-0.01 0.04|-0.02 0.05|-0.03 0.07|-0.03 0.09|-0.04 0.11|-0.05 0.13|-0.06 0.14|-0.07 0.16|-0.08 0.18|-0.08 0.20|-0.09 0.21|-0.10 0.23|-0.11 0.25|-0.12 0.27|-0.13 0.28|-0.14 0.30|-0.15 0.32|-0.16 0.34|-0.17 0.36|-0.18 0.37|-0.18 0.39|-0.19 0.41|-0.20 0.42|-0.21 0.44|-0.22 0.46|-0.23 0.48|-0.24 0.49|-0.25 0.51|-0.26 0.53|-0.27 0.60|-0.29 0.67|-0.32 0.75|-0.35 0.82|-0.37 0.89|-0.40 0.96|-0.42 1.03|-0.45 1.10|-0.48 1.17|-0.51 1.24|-0.53 1.31|-0.56 1.38|-0.59 1.45|-0.62 1.52|-0.65 1.60|-0.68 1.80|-0.77 2.00|-0.85 2.20|-0.93 2.41|-1.02 2.61|-1.10 2.80|-1.21 2.99|-1.31 3.18|-1.42 3.37|-1.52 3.56|-1.63 3.74|-1.76 3.92|-1.88 4.10|-2.01 4.28|-2.14 4.45|-2.27
0.00|0.00 0.00|0.00 0.00|0.00 0.00|0.00 0.00|0.00 0.00|0.00 0.00|0.00 0.00|0.00 0.00|0.00 0.00|0.00 0.00|0.00 0.00|0.00 0.00|0.00 0.00|0.00 0.00|0.00 -2.68|-0.00 -2.14|-0.00 -1.61|-0.00 -1.07|-0.00 -0.54|-0.00 0.00|0.00
0.54|0.00 1.07|0.00 1.61|0.00 2.14|0.00 2.68|0.00 3.09|-0.01 3.49|-0.01 3.90|-0.02 4.31|-0.03 4.71|-0.03 5.22|-0.06 5.72|-0.09 6.23|-0.11 6.74|-0.14 7.24|-0.17 7.75|-0.19 8.25|-0.22 8.76|-0.24 9.26|-0.27 9.77|-0.30 10.25|-0.38 10.72|-0.47 11.19|-0.55 11.67|-0.64 12.14|-0.72 12.61|-0.85 13.07|-0.98 13.54|-1.10 14.00|-1.23 14.47|-1.36 14.92|-1.53 15.37|-1.70 15.82|-1.87 16.27|-2.05 16.72|-2.22 17.15|-2.47 17.57|-2.72 17.99|-2.98 18.42|-3.23 18.84|-3.49 19.22|-3.80 19.61|-4.11 19.99|-4.42 20.37|-4.73 20.75|-5.04 21.09|-5.45 21.42|-5.85 21.75|-6.25 22.08|-6.65 22.42|-7.06 22.63|-7.43 22.85|-7.81 23.06|-8.19 23.27|-8.57 23.49|-8.95 23.65|-9.35 23.81|-9.75 23.98|-10.15 24.14|-10.55 24.31|-10.96
0.00|0.00 0.00|0.00 0.00|0.00 0.00|0.00 0.00|0.00 0.00|0.00 0.00|0.00 0.00|0.00 0.00|0.00 0.00|0.00 -5.36|-0.00 -4.82|-0.00 -4.29|-0.00 -3.75|-0.00 -3.22|-0.00 -2.68|-0.00 -2.14|-0.00 -1.61|-0.00 -1.07|-0.00 -0.54|-0.00 0.00|0.00
0.41|-0.01 0.81|-0.01 1.22|-0.02 1.62|-0.03 2.03|-0.04 2.54|-0.06 3.04|-0.09 3.55|-0.11 4.05|-0.14 4.56|-0.17 5.07|-0.19 5.57|-0.22 6.08|-0.25 6.58|-0.27 7.09|-0.30 7.56|-0.38 8.04|-0.47 8.51|-0.55 8.99|-0.64 9.46|-0.72 9.93|-0.85 10.39|-0.98 10.86|-1.10 11.32|-1.23 11.79|-1.36 12.24|-1.53 12.69|-1.70 13.14|-1.87 13.59|-2.05 14.04|-2.22 14.47|-2.47 14.89|-2.73 15.31|-2.98 15.74|-3.23 16.16|-3.49 16.54|-3.80 16.92|-4.11 17.31|-4.42 17.69|-4.73 18.07|-5.05 18.41|-5.45 18.74|-5.85 19.07|-6.25 19.40|-6.66 19.74|-7.06 19.95|-7.44 20.16|-7.81 20.38|-8.19 20.59|-8.57 20.81|-8.95 20.97|-9.35 21.13|-9.75 21.30|-10.15 21.46|-10.55 21.62|-10.96 21.74|-11.38 21.85|-11.80 21.96|-12.21 22.07|-12.63 22.18|-13.05
-9.77|-1.19 -9.28|-1.08 -8.78|-0.98 -8.29|-0.88 -7.79|-0.78 -7.29|-0.67 -6.80|-0.57 -6.30|-0.47 -5.80|-0.37 -5.31|-0.26 -4.81|-0.16 -4.33|-0.12 -3.85|-0.08 -3.37|-0.04 -2.89|-0.01 -2.41|0.03 -1.93|0.03 -1.45|0.02 -0.96|0.01 -0.48|0.01 0.00|0.00
0.48|-0.05 0.96|-0.10 1.44|-0.15 1.92|-0.21 2.40|-0.26 2.87|-0.40 3.35|-0.53 3.82|-0.67 4.30|-0.81 4.77|-0.95 5.22|-1.16 5.67|-1.36 6.12|-1.56 6.57|-1.77 7.01|-1.97 7.44|-2.28 7.86|-2.58 8.29|-2.89 8.71|-3.19 9.13|-3.50 9.44|-3.81 9.74|-4.12 10.04|-4.43 10.34|-4.75 10.65|-5.06 10.91|-5.40 11.17|-5.75 11.43|-6.10 11.69|-6.45 11.95|-6.79 12.16|-7.17 12.37|-7.55 12.59|-7.93 12.80|-8.30 13.01|-8.68 13.19|-9.01 13.37|-9.34 13.55|-9.68 13.73|-10.01 13.91|-10.34 14.07|-10.68 14.23|-11.03 14.38|-11.37 14.54|-11.72 14.70|-12.06 14.83|-12.42 14.96|-12.77 15.09|-13.12 15.22|-13.48 15.35|-13.83 15.46|-14.12 15.58|-14.40 15.69|-14.68 15.80|-14.96 15.91|-15.25 16.01|-15.54 16.10|-15.82 16.20|-16.11 16.30|-16.40 16.39|-16.69
-9.61|-1.32 -9.13|-1.17 -8.64|-1.02 -8.16|-0.87 -7.68|-0.72 -7.19|-0.58 -6.72|-0.49 -6.24|-0.41 -5.77|-0.33 -5.29|-0.24 -4.82|-0.16 -4.34|-0.12 -3.86|-0.08 -3.37|-0.04 -2.89|-0.01 -2.41|0.03 -1.93|0.03 -1.45|0.02 -0.97|0.01 -0.48|0.01 0.00|0.00
0.48|-0.09 0.97|-0.19 1.45|-0.28 1.94|-0.38 2.42|-0.47 2.89|-0.63 3.36|-0.79 3.82|-0.96 4.29|-1.12 4.75|-1.28 5.20|-1.54 5.65|-1.81 6.10|-2.07 6.55|-2.34 7.00|-2.60 7.34|-2.88 7.67|-3.17 8.00|-3.45 8.33|-3.73 8.66|-4.01 8.95|-4.33 9.24|-4.66 9.53|-4.98 9.82|-5.30 10.11|-5.62 10.36|-5.98 10.61|-6.33 10.86|-6.69 11.10|-7.04 11.35|-7.40 11.56|-7.71 11.77|-8.03 11.98|-8.34 12.19|-8.65 12.40|-8.97 12.59|-9.30 12.78|-9.63 12.96|-9.95 13.15|-10.28 13.34|-10.61 13.50|-10.95 13.67|-11.29 13.83|-11.63 14.00|-11.97 14.16|-12.31 14.30|-12.58 14.43|-12.85 14.57|-13.13 14.71|-13.40 14.85|-13.67 14.97|-13.95 15.09|-14.23 15.22|-14.50 15.34|-14.78 15.46|-15.06 15.57|-15.34 15.68|-15.63 15.78|-15.91 15.89|-16.20 16.00|-16.48
-9.50|-1.47 -9.04|-1.32 -8.58|-1.17 -8.13|-1.02 -7.67|-0.87 -7.21|-0.72 -6.74|-0.61 -6.27|-0.51 -5.80|-0.40 -5.33|-0.30 -4.86|-0.19 -4.38|-0.13 -3.90|-0.07 -3.42|-0.00 -2.94|0.06 -2.47|0.12 -1.97|0.10 -1.48|0.07 -0.99|0.05 -0.49|0.02 0.00|0.00
0.48|-0.09 0.97|-0.19 1.45|-0.28 1.94|-0.38 2.42|-0.47 2.91|-0.67 3.39|-0.87 3.87|-1.06 4.35|-1.26 4.84|-1.46 5.21|-1.69 5.57|-1.92 5.94|-2.16 6.31|-2.39 6.67|-2.62 7.01|-2.90 7.34|-3.17 7.68|-3.45 8.01|-3.73 8.34|-4.00 8.64|-4.32 8.93|-4.64 9.23|-4.96 9.53|-5.27 9.82|-5.59 10.07|-5.87 10.33|-6.15 10.58|-6.43 10.83|-6.71 11.08|-6.99 11.32|-7.29 11.55|-7.59 11.78|-7.89 12.01|-8.19 12.25|-8.49 12.46|-8.80 12.67|-9.11 12.88|-9.43 13.09|-9.74 13.30|-10.05 13.47|-10.30 13.65|-10.55 13.82|-10.80 14.00|-11.05 14.17|-11.30 14.33|-11.56 14.49|-11.82 14.66|-12.07 14.82|-12.33 14.98|-12.59 15.13|-12.85 15.27|-13.12 15.42|-13.39 15.57|-13.65 15.71|-13.92 15.77|-14.05 15.83|-14.19 15.89|-14.32 15.95|-14.46 16.01|-14.59
-9.50|-1.62 -9.05|-1.44 -8.60|-1.27 -8.15|-1.10 -7.70|-0.93 -7.25|-0.76 -6.78|-0.63 -6.32|-0.50 -5.85|-0.37 -5.39|-0.24 -4.92|-0.11 -4.43|-0.06 -3.94|-0.02 -3.45|0.03 -2.96|0.08 -2.46|0.12 -1.97|0.10 -1.48|0.07 -0.99|0.05 -0.49|0.02 0.00|0.00
0.51|-0.13 1.01|-0.25 1.52|-0.38 2.03|-0.51 2.53|-0.64 2.93|-0.81 3.32|-0.99 3.72|-1.17 4.12|-1.35 4.51|-1.52 4.88|-1.75 5.25|-1.98 5.62|-2.20 5.99|-2.43 6.36|-2.66 6.70|-2.93 7.04|-3.20 7.38|-3.47 7.72|-3.75 8.05|-4.02 8.34|-4.26 8.63|-4.50 8.92|-4.74 9.21|-4.99 9.50|-5.23 9.77|-5.49 10.05|-5.75 10.32|-6.01 10.59|-6.28 10.86|-6.54 11.12|-6.82 11.37|-7.10 11.62|-7.38 11.88|-7.66 12.13|-7.94 12.34|-8.16 12.55|-8.38 12.75|-8.61 12.96|-8.83 13.17|-9.05 13.37|-9.28 13.56|-9.52 13.76|-9.75 13.95|-9.98 14.15|-10.21 14.33|-10.45 14.52|-10.70 14.70|-10.94 14.88|-11.18 15.07|-11.42 15.15|-11.55 15.22|-11.67 15.30|-11.80 15.38|-11.92 15.46|-12.05 15.53|-12.18 15.61|-12.30 15.68|-12.43 15.75|-12.56 15.83|-12.69
0.00|0.00 0.00|0.00 0.00|0.00 0.00|0.00 0.00|0.00 0.00|0.00 0.00|0.00 0.00|0.00 0.00|0.00 0.00|0.00 0.00|0.00 0.00|0.00 0.00|0.00 0.00|0.00 0.00|0.00 -0.00|-0.01 -0.00|-0.01 -0.00|-0.01 -0.00|-0.01 -0.00|-0.00 0.00|0.00
0.00|0.00 0.00|0.01 0.00|0.01 0.00|0.01 0.00|0.02 0.02|0.02 0.03|0.02 0.05|0.02 0.06|0.03 0.08|0.03 0.09|0.03 0.11|0.04 0.12|0.04 0.14|0.04 0.15|0.05 0.19|0.05 0.23|0.05 0.28|0.05 0.32|0.04 0.36|0.04 0.40|0.04 0.45|0.04 0.49|0.04 0.53|0.04 0.57|0.04 0.69|0.04 0.80|0.03 0.92|0.03 1.03|0.02 1.15|0.02 1.26|0.02 1.38|0.03 1.49|0.03 1.61|0.04 1.72|0.04 1.80|0.04 1.88|0.05 1.95|0.06 2.03|0.06 2.11|0.07 2.18|0.07 2.26|0.07 2.34|0.07 2.41|0.07 2.49|0.07 2.56|0.08 2.63|0.10 2.69|0.12 2.76|0.13 2.83|0.15 2.90|0.16 2.96|0.18 3.03|0.20 3.10|0.22 3.16|0.23 3.35|0.26 3.53|0.29 3.72|0.32 3.90|0.35 4.08|0.38
0.00|0.00 0.00|0.00 0.00|0.00 0.00|0.00 0.00|0.00 0.00|0.00 0.00|0.00 0.00|0.00 0.00|0.00 0.00|0.00 -0.01|-0.03 -0.01|-0.03 -0.01|-0.02 -0.01|-0.02 -0.00|-0.02 -0.00|-0.02 -0.00|-0.01 -0.00|-0.01 -0.00|-0.01 -0.00|-0.00 0.00|0.00
0.01|0.00 0.03|0.01 0.04|0.01 0.06|0.01 0.07|0.02 0.09|0.02 0.10|0.02 0.12|0.02 0.13|0.03 0.15|0.03 0.19|0.03 0.23|0.03 0.27|0.03 0.31|0.03 0.36|0.03 0.40|0.03 0.44|0.03 0.48|0.03 0.53|0.03 0.57|0.03 0.68|0.02 0.80|0.02 0.91|0.01 1.03|0.01 1.14|0.00 1.26|0.01 1.37|0.01 1.49|0.02 1.60|0.02 1.72|0.02 1.79|0.03 1.87|0.03 1.95|0.04 2.02|0.05 2.10|0.05 2.18|0.05 2.26|0.05 2.33|0.05 2.41|0.05 2.49|0.05 2.55|0.07 2.62|0.08 2.69|0.10 2.76|0.12 2.82|0.13 2.89|0.15 2.96|0.17 3.03|0.18 3.09|0.20 3.16|0.22 3.34|0.25 3.53|0.27 3.71|0.30 3.89|0.33 4.08|0.36 4.26|0.39 4.44|0.43 4.63|0.46 4.81|0.50 4.99|0.53
0.00|0.00 0.00|0.00 0.00|0.00 0.00|0.00 0.00|0.00 -0.08|-0.05 -0.08|-0.04 -0.08|-0.04 -0.08|-0.04 -0.08|-0.03 -0.08|-0.03 -0.08|-0.03 -0.08|-0.02 -0.07|-0.02 -0.07|-0.02 -0.07|-0.02 -0.06|-0.01 -0.04|-0.01 -0.03|-0.01 -0.01|-0.00 0.00|0.00
0.01|0.00 0.03|0.01 0.04|0.01 0.06|0.01 0.07|0.02 0.11|0.02 0.16|0.01 0.20|0.01 0.24|0.01 0.28|0.01 0.33|0.01 0.37|0.01 0.41|0.01 0.45|0.01 0.49|0.01 0.61|0.01 0.72|0.00 0.84|-0.00 0.95|-0.01 1.07|-0.01 1.18|-0.01 1.30|-0.00 1.41|0.00 1.53|0.00 1.64|0.01 1.72|0.01 1.80|0.02 1.87|0.03 1.95|0.03 2.03|0.04 2.11|0.04 2.18|0.04 2.26|0.04 2.34|0.04 2.41|0.04 2.48|0.05 2.55|0.07 2.62|0.08 2.68|0.10 2.75|0.12 2.82|0.13 2.89|0.15 2.95|0.17 3.02|0.19 3.09|0.20 3.27|0.23 3.45|0.26 3.64|0.29 3.82|0.32 4.01|0.34 4.19|0.38 4.37|0.41 4.55|0.45 4.74|0.48 4.92|0.52 5.26|0.62 5.61|0.73 5.95|0.84 6.29|0.95 6.64|1.06
-0.15|-0.06 -0.15|-0.06 -0.15|-0.06 -0.15|-0.05 -0.15|-0.05 -0.15|-0.05 -0.15|-0.04 -0.15|-0.04 -0.15|-0.04 -0.15|-0.03 -0.15|-0.03 -0.13|-0.03 -0.12|-0.02 -0.10|-0.02 -0.09|-0.02 -0.07|-0.02 -0.06|-0.01 -0.04|-0.01 -0.03|-0.01 -0.01|-0.00 0.00|0.00
0.04|-0.00 0.08|-0.00 0.13|-0.00 0.17|-0.00 0.21|-0.00 0.25|-0.00 0.30|-0.00 0.34|-0.00 0.38|-0.00 0.42|-0.00 0.54|-0.01 0.65|-0.01 0.77|-0.02 0.88|-0.02 1.00|-0.03 1.11|-0.02 1.23|-0.02 1.34|-0.02 1.46|-0.01 1.57|-0.01 1.65|-0.00 1.73|0.00 1.80|0.01 1.88|0.02 1.96|0.02 2.03|0.02 2.11|0.02 2.19|0.02 2.26|0.02 2.34|0.02 2.41|0.04 2.48|0.05 2.54|0.07 2.61|0.08 2.68|0.10 2.75|0.12 2.81|0.13 2.88|0.15 2.95|0.17 3.01|0.19 3.20|0.21 3.38|0.24 3.57|0.27 3.75|0.30 3.93|0.33 4.12|0.36 4.30|0.40 4.48|0.43 4.66|0.47 4.85|0.50 5.19|0.61 5.53|0.72 5.88|0.83 6.22|0.93 6.57|1.04 6.89|1.21 7.20|1.38 7.52|1.54 7.84|1.71 8.16|1.88
-0.36|-0.04 -0.36|-0.04 -0.36|-0.04 -0.36|-0.03 -0.36|-0.03 -0.36|-0.03 -0.34|-0.03 -0.33|-0.02 -0.31|-0.02 -0.30|-0.02 -0.28|-0.01 -0.27|-0.01 -0.25|-0.01 -0.24|-0.00 -0.23|-0.00 -0.21|0.00 -0.17|0.00 -0.13|0.00 -0.08|0.00 -0.04|0.00 0.00|0.00
0.04|-0.00 0.08|-0.00 0.13|-0.00 0.17|-0.00 0.21|-0.00 0.33|-0.01 0.44|-0.01 0.56|-0.01 0.67|-0.02 0.79|-0.02 0.90|-0.02 1.02|-0.02 1.13|-0.01 1.25|-0.01 1.36|-0.01 1.44|0.00 1.51|0.01 1.59|0.01 1.67|0.02 1.74|0.02 1.82|0.02 1.90|0.02 1.98|0.02 2.05|0.02 2.13|0.02 2.20|0.04 2.26|0.06 2.33|0.07 2.40|0.09 2.47|0.10 2.53|0.12 2.60|0.14 2.67|0.15 2.74|0.17 2.80|0.19 2.99|0.22 3.17|0.25 3.35|0.27 3.54|0.30 3.72|0.33 3.90|0.37 4.09|0.40 4.27|0.43 4.45|0.47 4.64|0.50 4.98|0.61 5.32|0.72 5.67|0.83 6.01|0.94 6.35|1.05 6.67|1.21 6.99|1.38 7.31|1.55 7.63|1.71 7.95|1.88 8.24|2.10 8.52|2.32 8.81|2.54 9.10|2.76 9.38|2.98
-5.32|-0.16 -4.88|-0.15 -4.44|-0.13 -3.99|-0.11 -3.55|-0.10 -3.10|-0.08 -2.66|-0.06 -2.22|-0.05 -1.77|-0.03 -1.33|-0.02 -0.88|-0.00 -0.80|-0.00 -0.71|-0.00 -0.62|-0.00 -0.53|-0.00 -0.44|-0.00 -0.35|-0.00 -0.27|-0.00 -0.18|-0.00 -0.09|-0.00 0.00|0.00
0.09|0.00 0.18|0.00 0.26|0.00 0.35|0.00 0.44|0.00 0.44|-0.01 0.44|-0.01 0.44|-0.02 0.43|-0.02 0.43|-0.03 0.43|-0.04 0.43|-0.04 0.43|-0.05 0.42|-0.05 0.42|-0.06 0.42|-0.06 0.42|-0.07 0.42|-0.08 0.41|-0.08 0.41|-0.09 0.43|-0.10 0.44|-0.11 0.46|-0.12 0.47|-0.13 0.49|-0.14 0.60|-0.16 0.72|-0.18 0.83|-0.20 0.95|-0.22 1.06|-0.24 1.18|-0.26 1.29|-0.28 1.41|-0.30 1.52|-0.32 1.64|-0.34 1.76|-0.38 1.88|-0.41 2.00|-0.44 2.13|-0.48 2.25|-0.51 2.37|-0.56 2.48|-0.60 2.60|-0.65 2.72|-0.70 2.84|-0.74 2.90|-0.77 2.96|-0.80 3.02|-0.84 3.08|-0.87 3.14|-0.90 3.20|-0.93 3.26|-0.97 3.32|-1.00 3.38|-1.03 3.44|-1.07 3.50|-1.11 3.56|-1.14 3.62|-1.18 3.67|-1.22 3.73|-1.25
-3.55|-0.08 -3.10|-0.06 -2.66|-0.05 -2.21|-0.03 -1.77|-0.02 -1.33|-0.00 -1.24|-0.00 -1.15|-0.00 -1.06|-0.00 -0.97|-0.00 -0.88|-0.00 -0.80|-0.00 -0.71|-0.00 -0.62|-0.00 -0.53|-0.00 -0.44|-0.00 -0.35|-0.00 -0.26|-0.00 -0.18|-0.00 -0.09|-0.00 0.00|0.00
-0.00|-0.01 -0.00|-0.01 -0.01|-0.02 -0.01|-0.02 -0.01|-0.03 -0.01|-0.04 -0.01|-0.04 -0.02|-0.05 -0.02|-0.05 -0.02|-0.06 -0.02|-0.06 -0.02|-0.07 -0.03|-0.08 -0.03|-0.08 -0.03|-0.09 -0.02|-0.10 0.00|-0.11 0.02|-0.12 0.03|-0.13 0.05|-0.14 0.16|-0.16 0.28|-0.18 0.39|-0.20 0.51|-0.22 0.62|-0.24 0.74|-0.26 0.85|-0.28 0.96|-0.30 1.08|-0.32 1.19|-0.35 1.32|-0.38 1.44|-0.41 1.56|-0.44 1.68|-0.48 1.81|-0.51 1.92|-0.56 2.04|-0.60 2.16|-0.65 2.28|-0.70 2.40|-0.74 2.46|-0.77 2.52|-0.80 2.58|-0.84 2.64|-0.87 2.70|-0.90 2.76|-0.93 2.82|-0.97 2.88|-1.00 2.94|-1.03 3.00|-1.07 3.06|-1.11 3.12|-1.14 3.17|-1.18 3.23|-1.22 3.29|-1.25 3.35|-1.29 3.40|-1.33 3.46|-1.37 3.51|-1.41 3.57|-1.45
-1.32|0.03 -1.23|0.03 -1.14|0.03 -1.05|0.03 -0.96|0.03 -0.87|0.03 -0.79|0.03 -0.70|0.03 -0.61|0.03 -0.52|0.03 -0.43|0.03 -0.34|0.03 -0.26|0.03 -0.17|0.03 -0.08|0.03 0.01|0.03 0.01|0.02 0.01|0.02 0.00|0.01 0.00|0.01 0.00|0.00
-0.00|-0.01 -0.00|-0.01 -0.01|-0.02 -0.01|-0.02 -0.01|-0.03 -0.01|-0.03 -0.01|-0.04 -0.02|-0.05 -0.02|-0.05 -0.02|-0.06 -0.01|-0.07 0.01|-0.08 0.02|-0.09 0.04|-0.10 0.06|-0.12 0.17|-0.14 0.29|-0.16 0.40|-0.18 0.52|-0.20 0.63|-0.22 0.74|-0.24 0.86|-0.26 0.97|-0.28 1.09|-0.30 1.20|-0.32 1.33|-0.35 1.45|-0.38 1.57|-0.41 1.69|-0.45 1.82|-0.48 1.93|-0.53 2.05|-0.57 2.17|-0.62 2.29|-0.67 2.40|-0.71 2.47|-0.74 2.53|-0.78 2.59|-0.81 2.65|-0.84 2.71|-0.87 2.77|-0.90 2.83|-0.94 2.89|-0.97 2.95|-1.01 3.01|-1.04 3.07|-1.08 3.13|-1.11 3.18|-1.15 3.24|-1.19 3.30|-1.22 3.36|-1.26 3.41|-1.30 3.47|-1.34 3.52|-1.38 3.58|-1.42 3.59|-1.44 3.60|-1.45 3.62|-1.47 3.63|-1.49 3.64|-1.50
-0.86|0.06 -0.78|0.06 -0.69|0.06 -0.60|0.06 -0.51|0.06 -0.42|0.06 -0.33|0.06 -0.25|0.06 -0.16|0.06 -0.07|0.06 0.02|0.06 0.02|0.05 0.02|0.05 0.01|0.04 0.01|0.03 0.01|0.03 0.01|0.02 0.01|0.02 0.00|0.01 0.00|0.01 0.00|0.00
-0.00|-0.01 -0.00|-0.01 -0.01|-0.02 -0.01|-0.02 -0.01|-0.03 0.00|-0.04 0.02|-0.05 0.04|-0.06 0.05|-0.08 0.07|-0.09 0.18|-0.11 0.30|-0.13 0.41|-0.15 0.53|-0.17 0.64|-0.19 0.76|-0.21 0.87|-0.23 0.98|-0.25 1.10|-0.27 1.21|-0.29 1.34|-0.32 1.46|-0.35 1.58|-0.39 1.70|-0.42 1.83|-0.45 1.94|-0.50 2.06|-0.54 2.18|-0.59 2.30|-0.64 2.42|-0.68 2.48|-0.72 2.54|-0.75 2.60|-0.78 2.66|-0.81 2.72|-0.84 2.78|-0.87 2.84|-0.91 2.90|-0.94 2.96|-0.98 3.02|-1.01 3.08|-1.05 3.14|-1.08 3.19|-1.12 3.25|-1.16 3.31|-1.20 3.37|-1.24 3.42|-1.28 3.48|-1.31 3.53|-1.35 3.59|-1.39 3.60|-1.41 3.61|-1.43 3.63|-1.44 3.64|-1.46 3.65|-1.47 3.66|-1.49 3.67|-1.51 3.69|-1.52 3.70|-1.54 3.71|-1.55
-0.41|0.09 -0.32|0.09 -0.23|0.09 -0.15|0.09 -0.06|0.09 0.03|0.09 0.03|0.08 0.03|0.07 0.02|0.07 0.02|0.06 0.02|0.06 0.02|0.05 0.02|0.05 0.01|0.04 0.01|0.03 0.01|0.03 0.01|0.02 0.01|0.02 0.00|0.01 0.00|0.01 0.00|0.00
0.02|-0.01 0.03|-0.02 0.05|-0.03 0.06|-0.05 0.08|-0.06 0.19|-0.08 0.31|-0.10 0.42|-0.12 0.54|-0.14 0.65|-0.16 0.77|-0.18 0.88|-0.20 1.00|-0.22 1.11|-0.24 1.22|-0.26 1.35|-0.29 1.47|-0.32 1.59|-0.36 1.71|-0.39 1.84|-0.42 1.95|-0.47 2.07|-0.52 2.19|-0.56 2.31|-0.61 2.43|-0.66 2.49|-0.69 2.55|-0.72 2.61|-0.75 2.67|-0.78 2.73|-0.81 2.79|-0.85 2.85|-0.88 2.91|-0.91 2.97|-0.95 3.03|-0.98 3.09|-1.02 3.15|-1.06 3.20|-1.09 3.26|-1.13 3.32|-1.17 3.38|-1.21 3.43|-1.25 3.49|-1.29 3.55|-1.33 3.60|-1.37 3.61|-1.38 3.63|-1.40 3.64|-1.41 3.65|-1.43 3.66|-1.45 3.67|-1.46 3.68|-1.48 3.70|-1.49 3.71|-1.51 3.72|-1.52 3.73|-1.54 3.74|-1.56 3.75|-1.57 3.77|-1.59 3.78|-1.61
-0.06|0.14 -0.06|0.14 -0.06|0.13 -0.06|0.12 -0.06|0.12 -0.06|0.11 -0.06|0.11 -0.07|0.10 -0.07|0.09 -0.07|0.09 -0.07|0.08 -0.07|0.08 -0.07|0.07 -0.08|0.06 -0.08|0.06 -0.08|0.05 -0.06|0.04 -0.05|0.03 -0.03|0.02 -0.02|0.01 0.00|0.00
0.12|-0.01 0.23|-0.02 0.35|-0.04 0.46|-0.05 0.58|-0.06 0.70|-0.07 0.81|-0.08 0.93|-0.10 1.04|-0.11 1.16|-0.12 1.28|-0.14 1.41|-0.17 1.53|-0.19 1.66|-0.22 1.78|-0.24 1.90|-0.28 2.02|-0.32 2.14|-0.36 2.26|-0.39 2.39|-0.43 2.45|-0.46 2.51|-0.49 2.58|-0.51 2.64|-0.54 2.70|-0.57 2.76|-0.60 2.83|-0.63 2.89|-0.66 2.95|-0.69 3.01|-0.72 3.07|-0.75 3.13|-0.78 3.19|-0.81 3.25|-0.85 3.31|-0.88 3.37|-0.92 3.43|-0.95 3.49|-0.99 3.55|-1.02 3.61|-1.06 3.62|-1.07 3.63|-1.09 3.65|-1.10 3.66|-1.12 3.67|-1.13 3.69|-1.15 3.70|-1.16 3.71|-1.18 3.72|-1.19 3.74|-1.21 3.75|-1.22 3.76|-1.24 3.77|-1.25 3.79|-1.27 3.80|-1.29 3.81|-1.30 3.82|-1.32 3.84|-1.33 3.85|-1.35 3.86|-1.36
-0.64|0.17 -0.65|0.16 -0.65|0.16 -0.65|0.15 -0.65|0.15 -0.65|0.14 -0.65|0.14 -0.66|0.13 -0.66|0.12 -0.66|0.12 -0.66|0.11 -0.64|0.10 -0.63|0.09 -0.61|0.08 -0.60|0.07 -0.58|0.06 -0.46|0.05 -0.35|0.04 -0.23|0.02 -0.12|0.01 0.00|0.00
0.12|-0.01 0.23|-0.02 0.35|-0.04 0.46|-0.05 0.58|-0.06 0.70|-0.08 0.83|-0.11 0.95|-0.13 1.08|-0.16 1.20|-0.18 1.32|-0.22 1.44|-0.26 1.56|-0.30 1.68|-0.33 1.81|-0.37 1.87|-0.40 1.93|-0.43 2.00|-0.45 2.06|-0.48 2.12|-0.51 2.18|-0.54 2.25|-0.57 2.31|-0.60 2.37|-0.63 2.43|-0.66 2.49|-0.69 2.55|-0.72 2.61|-0.75 2.67|-0.79 2.73|-0.82 2.79|-0.86 2.85|-0.89 2.91|-0.93 2.97|-0.96 3.03|-1.00 3.04|-1.01 3.05|-1.03 3.07|-1.04 3.08|-1.06 3.09|-1.07 3.11|-1.09 3.12|-1.10 3.13|-1.12 3.14|-1.13 3.16|-1.15 3.17|-1.16 3.18|-1.18 3.19|-1.20 3.21|-1.21 3.22|-1.23 3.23|-1.24 3.24|-1.26 3.26|-1.27 3.27|-1.29 3.28|-1.30 3.29|-1.32 3.30|-1.34 3.32|-1.35 3.33|-1.37 3.34|-1.38
-1.95|-0.02 -1.82|-0.01 -1.69|0.01 -1.57|0.03 -1.44|0.04 -1.32|0.06 -1.19|0.06 -1.06|0.06 -0.94|0.07 -0.81|0.07 -0.68|0.07 -0.62|0.06 -0.55|0.06 -0.48|0.05 -0.41|0.05 -0.34|0.04 -0.27|0.03 -0.20|0.03 -0.14|0.02 -0.07|0.01 0.00|0.00
0.07|-0.01 0.14|-0.02 0.20|-0.04 0.27|-0.05 0.34|-0.06 0.41|-0.08 0.47|-0.09 0.54|-0.11 0.61|-0.12 0.67|-0.14 0.69|-0.15 0.71|-0.16 0.73|-0.17 0.74|-0.18 0.76|-0.19 0.78|-0.20 0.79|-0.21 0.81|-0.22 0.83|-0.23 0.84|-0.24 0.86|-0.25 0.88|-0.26 0.89|-0.27 0.91|-0.28 0.93|-0.29 0.94|-0.30 0.96|-0.31 0.98|-0.32 0.99|-0.33 1.01|-0.34 1.03|-0.36 1.04|-0.37 1.06|-0.38 1.08|-0.39 1.09|-0.40 1.11|-0.41 1.13|-0.42 1.14|-0.43 1.16|-0.44 1.17|-0.46 1.24|-0.49 1.31|-0.52 1.38|-0.55 1.45|-0.58 1.52|-0.61 1.59|-0.65 1.66|-0.68 1.73|-0.72 1.79|-0.75 1.86|-0.79 1.93|-0.82 2.00|-0.86 2.06|-0.90 2.13|-0.93 2.20|-0.97 2.39|-1.07 2.58|-1.17 2.78|-1.28 2.97|-1.38 3.16|-1.48
-0.09|-0.00 -0.09|-0.00 -0.09|-0.00 -0.09|-0.00 -0.09|-0.00 -0.09|-0.00 -0.09|-0.00 -0.08|-0.00 -0.08|-0.00 -0.08|-0.00 -0.07|-0.00 -0.06|-0.00 -0.04|-0.00 -0.03|-0.00 -0.01|-0.00 0.00|0.00 0.00|0.00 0.00|0.00 0.00|0.00 0.00|0.00 0.00|0.00
0.00|0.00 0.00|0.00 0.00|0.00 0.00|0.00 0.00|0.00 0.00|0.00 0.00|0.00 0.00|0.00 0.00|0.00 0.00|0.00 0.00|0.00 0.00|0.00 0.00|0.00 0.00|0.00 0.00|0.00 -0.01|0.00 -0.01|0.01 -0.02|0.01 -0.02|0.01 -0.03|0.01 -0.04|0.02 -0.04|0.02 -0.05|0.02 -0.05|0.03 -0.06|0.03 -0.07|0.03 -0.07|0.03 -0.08|0.03 -0.08|0.03 -0.09|0.03 0.05|0.03 0.20|0.03 0.34|0.03 0.48|0.03 0.63|0.03 0.64|0.04 0.66|0.04 0.68|0.05 0.70|0.05 0.72|0.06 0.94|0.06 1.16|0.06 1.38|0.06 1.60|0.06 1.82|0.06 2.16|0.09 2.49|0.11 2.83|0.14 3.17|0.17 3.51|0.19 3.84|0.25 4.18|0.31 4.51|0.37 4.85|0.43 5.18|0.49 5.53|0.59 5.88|0.69 6.22|0.79 6.57|0.89 6.92|0.99
0.00|0.00 0.00|0.00 0.00|0.00 0.00|0.00 0.00|0.00 0.00|0.00 0.00|0.00 0.00|0.00 0.00|0.00 0.00|0.00 0.00|0.00 0.00|0.00 0.00|0.00 0.00|0.00 0.00|0.00 -4.08|-0.05 -3.26|-0.04 -2.45|-0.03 -1.63|-0.02 -0.82|-0.01 0.00|0.00
0.82|0.01 1.63|0.02 2.45|0.03 3.26|0.04 4.08|0.05 4.90|0.06 5.71|0.07 6.53|0.07 7.34|0.08 8.16|0.09 9.04|0.10 9.92|0.10 10.80|0.11 11.68|0.11 12.56|0.12 13.44|0.12 14.32|0.12 15.20|0.13 16.08|0.13 16.96|0.14 17.84|0.14 18.72|0.15 19.60|0.15 20.48|0.16 21.36|0.16 22.37|0.15 23.38|0.14 24.39|0.12 25.40|0.11 26.41|0.10 27.42|0.09 28.43|0.08 29.45|0.06 30.46|0.05 31.47|0.04 32.49|0.05 33.51|0.06 34.54|0.07 35.56|0.08 36.58|0.09 37.54|0.13 38.50|0.17 39.45|0.21 40.41|0.25 41.37|0.29 42.32|0.38 43.27|0.48 44.23|0.57 45.18|0.66 46.13|0.76 47.10|0.87 48.06|0.99 49.02|1.10 49.99|1.21 50.95|1.33 51.71|1.43 52.47|1.54 53.23|1.64 54.00|1.75 54.76|1.85
0.00|0.00 0.00|0.00 0.00|0.00 0.00|0.00 0.00|0.00 0.00|0.00 0.00|0.00 0.00|0.00 0.00|0.00 0.00|0.00 -8.16|-0.14 -7.34|-0.13 -6.53|-0.11 -5.71|-0.10 -4.90|-0.08 -4.08|-0.07 -3.26|-0.06 -2.45|-0.04 -1.63|-0.03 -0.82|-0.01 0.00|0.00
0.82|0.01 1.63|0.03 2.45|0.04 3.26|0.06 4.08|0.07 4.96|0.08 5.84|0.09 6.72|0.10 7.60|0.11 8.48|0.12 9.36|0.13 10.24|0.14 11.12|0.15 12.00|0.16 12.88|0.17 13.76|0.18 14.64|0.18 15.52|0.19 16.40|0.20 17.28|0.21 18.29|0.21 19.30|0.20 20.31|0.20 21.32|0.19 22.33|0.18 23.34|0.18 24.35|0.17 25.37|0.16 26.38|0.16 27.39|0.15 28.41|0.17 29.43|0.18 30.46|0.20 31.48|0.22 32.50|0.23 33.46|0.28 34.41|0.32 35.37|0.37 36.33|0.41 37.28|0.46 38.24|0.56 39.19|0.66 40.14|0.76 41.10|0.85 42.05|0.95 43.01|1.07 43.97|1.19 44.94|1.31 45.90|1.44 46.86|1.56 47.62|1.66 48.38|1.77 49.14|1.88 49.90|1.99 50.67|2.10 51.71|2.32 52.75|2.54 53.79|2.76 54.83|2.98 55.87|3.20
0.00|0.00 0.00|0.00 0.00|0.00 0.00|0.00 0.00|0.00 0.00|0.00 0.00|0.00 0.00|0.00 0.00|0.00 0.00|0.00 0.00|0.00 0.00|0.00 0.00|0.00 0.00|0.00 0.00|0.00 -2.22|-0.05 -1.78|-0.04 -1.33|-0.03 -0.89|-0.02 -0.44|-0.01 0.00|0.00
0.44|0.01 0.89|0.02 1.33|0.03 1.78|0.04 2.22|0.05 2.66|0.06 3.11|0.07 3.55|0.08 4.00|0.09 4.44|0.10 4.89|0.11 5.33|0.12 5.77|0.13 6.22|0.14 6.66|0.16 6.75|0.15 6.84|0.15 6.93|0.15 7.02|0.15 7.10|0.15 7.19|0.15 7.28|0.15 7.37|0.15 7.46|0.14 7.55|0.14 7.63|0.14 7.72|0.14 7.81|0.14 7.90|0.14 7.99|0.14 7.99|0.13 7.98|0.13 7.98|0.12 7.98|0.11 7.98|0.11 7.98|0.10 7.97|0.10 7.97|0.09 7.97|0.09 7.97|0.08 7.96|0.07 7.96|0.07 7.96|0.06 7.96|0.06 7.96|0.05 7.97|0.04 7.99|0.03 8.00|0.02 8.02|0.00 8.03|-0.01 8.15|-0.03 8.26|-0.05 8.38|-0.07 8.49|-0.09 8.60|-0.11 8.72|-0.14 8.83|-0.16 8.95|-0.18 9.06|-0.20 9.18|-0.22
0.00|0.00 0.00|0.00 0.00|0.00 0.00|0.00 0.00|0.00 -7.39|-0.11 -6.85|-0.10 -6.32|-0.09 -5.78|-0.08 -5.25|-0.07 -4.71|-0.06 -4.17|-0.05 -3.64|-0.04 -3.10|-0.03 -2.57|-0.02 -2.03|-0.00 -1.62|-0.00 -1.22|-0.00 -0.81|-0.00 -0.41|-0.00 0.00|0.00
0.51|-0.02 1.01|-0.03 1.52|-0.05 2.03|-0.06 2.53|-0.08 3.04|-0.10 3.55|-0.11 4.05|-0.13 4.56|-0.15 5.06|-0.16 5.54|-0.24 6.02|-0.31 6.49|-0.39 6.97|-0.46 7.45|-0.54 7.91|-0.66 8.38|-0.77 8.85|-0.89 9.31|-1.01 9.78|-1.13 10.24|-1.29 10.69|-1.45 11.15|-1.62 11.60|-1.78 12.05|-1.94 12.48|-2.19 12.91|-2.43 13.34|-2.68 13.77|-2.92 14.20|-3.17 14.58|-3.47 14.97|-3.78 15.36|-4.08 15.75|-4.38 16.14|-4.69 16.48|-5.08 16.82|-5.48 17.16|-5.88 17.50|-6.27 17.84|-6.67 18.06|-7.04 18.29|-7.41 18.51|-7.79 18.73|-8.16 18.95|-8.54 19.12|-8.93 19.29|-9.33 19.46|-9.73 19.64|-10.13 19.81|-10.53 19.93|-10.94 20.05|-11.36 20.17|-11.78 20.29|-12.20 20.41|-12.61 20.50|-12.98 20.60|-13.34 20.70|-13.71 20.79|-14.07 20.89|-14.44
-9.92|-0.28 -9.38|-0.26 -8.85|-0.23 -8.31|-0.21 -7.78|-0.18 -7.24|-0.16 -6.71|-0.14 -6.17|-0.11 -5.63|-0.09 -5.10|-0.06 -4.56|-0.04 -4.16|-0.03 -3.75|-0.02 -3.35|-0.01 -2.94|0.01 -2.53|0.02 -2.03|0.01 -1.52|0.01 -1.01|0.01 -0.51|0.00 0.00|0.00
0.51|-0.00 1.01|-0.01 1.52|-0.01 2.03|-0.01 2.53|-0.02 3.01|-0.08 3.49|-0.14 3.97|-0.21 4.44|-0.27 4.92|-0.33 5.39|-0.44 5.86|-0.55 6.33|-0.65 6.80|-0.76 7.27|-0.87 7.73|-1.02 8.19|-1.17 8.65|-1.32 9.11|-1.47 9.57|-1.62 10.00|-1.86 10.43|-2.09 10.87|-2.33 11.30|-2.56 11.74|-2.80 12.13|-3.09 12.53|-3.39 12.92|-3.68 13.32|-3.97 13.72|-4.27 14.07|-4.65 14.42|-5.04 14.77|-5.43 15.12|-5.82 15.47|-6.20 15.70|-6.57 15.93|-6.94 16.16|-7.31 16.39|-7.68 16.62|-8.04 16.80|-8.44 16.99|-8.83 17.17|-9.23 17.35|-9.62 17.53|-10.01 17.66|-10.43 17.79|-10.84 17.92|-11.26 18.05|-11.67 18.18|-12.08 18.29|-12.45 18.39|-12.81 18.50|-13.17 18.60|-13.53 18.71|-13.89 18.79|-14.26 18.87|-14.63 18.95|-15.00 19.03|-15.37 19.12|-15.74
-9.77|-0.38 -9.23|-0.35 -8.70|-0.31 -8.16|-0.27 -7.63|-0.23 -7.09|-0.20 -6.69|-0.18 -6.28|-0.15 -5.88|-0.13 -5.47|-0.11 -5.07|-0.09 -4.56|-0.08 -4.05|-0.07 -3.54|-0.06 -3.04|-0.05 -2.53|-0.05 -2.03|-0.04 -1.52|-0.03 -1.01|-0.02 -0.51|-0.01 0.00|0.00
0.48|-0.05 0.96|-0.10 1.44|-0.15 1.92|-0.20 2.40|-0.26 2.87|-0.35 3.34|-0.45 3.82|-0.54 4.29|-0.64 4.76|-0.73 5.22|-0.87 5.68|-1.01 6.15|-1.15 6.61|-1.29 7.07|-1.43 7.51|-1.65 7.95|-1.88 8.39|-2.10 8.83|-2.33 9.27|-2.55 9.67|-2.83 10.08|-3.12 10.48|-3.40 10.88|-3.69 11.29|-3.97 11.65|-4.35 12.01|-4.73 12.37|-5.10 12.73|-5.48 13.09|-5.86 13.33|-6.22 13.57|-6.59 13.81|-6.95 14.05|-7.31 14.29|-7.67 14.48|-8.06 14.67|-8.45 14.86|-8.84 15.05|-9.23 15.24|-9.62 15.38|-10.03 15.52|-10.44 15.66|-10.85 15.80|-11.26 15.94|-11.67 16.06|-12.03 16.17|-12.39 16.29|-12.75 16.40|-13.11 16.52|-13.47 16.61|-13.84 16.70|-14.20 16.79|-14.57 16.88|-14.94 16.97|-15.31 17.03|-15.68 17.10|-16.05 17.16|-16.42 17.23|-16.79 17.29|-17.17
-9.46|-0.82 -9.05|-0.76 -8.65|-0.71 -8.25|-0.65 -7.85|-0.59 -7.45|-0.53 -6.94|-0.47 -6.44|-0.42 -5.94|-0.36 -5.43|-0.30 -4.93|-0.25 -4.42|-0.19 -3.92|-0.14 -3.42|-0.08 -2.91|-0.02 -2.41|0.03 -1.93|0.03 -1.45|0.02 -0.96|0.01 -0.48|0.01 0.00|0.00
0.48|-0.05 0.96|-0.10 1.44|-0.15 1.92|-0.20 2.40|-0.26 2.87|-0.35 3.34|-0.45 3.82|-0.54 4.29|-0.64 4.76|-0.73 5.22|-0.92 5.68|-1.10 6.14|-1.28 6.60|-1.46 7.06|-1.64 7.48|-1.89 7.91|-2.14 8.34|-2.38 8.77|-2.63 9.20|-2.87 9.59|-3.21 9.98|-3.56 10.38|-3.90 10.77|-4.24 11.16|-4.59 11.44|-4.93 11.71|-5.26 11.98|-5.60 12.25|-5.94 12.53|-6.28 12.75|-6.65 12.98|-7.02 13.21|-7.39 13.43|-7.76 13.66|-8.13 13.84|-8.52 14.01|-8.92 14.19|-9.32 14.37|-9.71 14.55|-10.11 14.70|-10.45 14.84|-10.80 14.99|-11.15 15.14|-11.50 15.29|-11.84 15.41|-12.20 15.54|-12.56 15.66|-12.92 15.78|-13.27 15.91|-13.63 16.01|-13.99 16.10|-14.36 16.20|-14.72 16.30|-15.09 16.40|-15.45 16.48|-15.75 16.57|-16.04 16.65|-16.33 16.74|-16.62 16.82|-16.91
0.00|0.00 0.00|0.00 0.00|0.00 0.00|0.00 0.00|0.00 0.00|0.00 0.00|0.00 0.00|0.00 0.00|0.00 0.00|0.00 -8.76|-0.08 -7.88|-0.07 -7.01|-0.05 -6.13|-0.04 -5.25|-0.03 -4.37|-0.02 -3.50|-0.01 -2.62|-0.01 -1.75|-0.01 -0.87|-0.00 0.00|0.00
0.85|0.01 1.70|0.02 2.55|0.03 3.40|0.03 4.25|0.04 5.05|0.06 5.85|0.08 6.65|0.09 7.45|0.11 8.25|0.13 8.98|0.13 9.71|0.14 10.44|0.15 11.18|0.16 11.91|0.17 12.53|0.18 13.15|0.18 13.77|0.18 14.39|0.19 15.01|0.19 15.61|0.20 16.20|0.20 16.80|0.21 17.40|0.22 17.99|0.22 18.51|0.20 19.02|0.19 19.54|0.17 20.05|0.15 20.57|0.14 21.04|0.10 21.51|0.06 21.98|0.03 22.45|-0.01 22.92|-0.05 23.37|-0.09 23.82|-0.14 24.27|-0.19 24.72|-0.24 25.17|-0.28 25.58|-0.34 25.98|-0.39 26.38|-0.45 26.79|-0.51 27.19|-0.56 27.55|-0.61 27.91|-0.66 28.28|-0.70 28.64|-0.75 29.00|-0.80 29.18|-0.82 29.35|-0.84 29.53|-0.86 29.71|-0.88 29.89|-0.90 30.20|-0.95 30.50|-0.99 30.81|-1.04 31.12|-1.08 31.43|-1.13
0.00|0.00 0.00|0.00 0.00|0.00 0.00|0.00 0.00|0.00 -13.01|0.06 -12.13|0.06 -11.25|0.06 -10.37|0.06 -9.50|0.06 -8.62|0.06 -7.74|0.05 -6.87|0.04 -6.00|0.03 -5.12|0.02 -4.25|0.02 -3.40|0.01 -2.55|0.01 -1.70|0.01 -0.85|0.00 0.00|0.00
0.80|0.01 1.60|0.01 2.40|0.02 3.20|0.02 4.00|0.03 4.73|0.02 5.46|0.02 6.20|0.02 6.93|0.02 7.66|0.02 8.28|0.02 8.90|0.01 9.53|0.01 10.15|0.00 10.77|-0.00 11.36|-0.00 11.96|-0.01 12.55|-0.01 13.15|-0.01 13.75|-0.01 14.26|-0.04 14.78|-0.06 15.29|-0.09 15.80|-0.11 16.32|-0.13 16.79|-0.18 17.26|-0.22 17.73|-0.26 18.20|-0.31 18.67|-0.35 19.12|-0.40 19.57|-0.46 20.02|-0.51 20.47|-0.56 20.92|-0.62 21.32|-0.68 21.72|-0.74 22.13|-0.80 22.53|-0.86 22.93|-0.93 23.30|-0.98 23.66|-1.03 24.02|-1.08 24.38|-1.13 24.74|-1.19 24.92|-1.21 25.09|-1.23 25.27|-1.26 25.45|-1.28 25.62|-1.30 25.93|-1.35 26.24|-1.40 26.55|-1.45 26.86|-1.50 27.17|-1.55 27.33|-1.57 27.49|-1.59 27.65|-1.62 27.81|-1.64 27.97|-1.66
-17.01|-0.03 -16.13|-0.02 -15.25|-0.02 -14.38|-0.02 -13.50|-0.01 -12.62|-0.01 -11.74|-0.02 -10.87|-0.02 -10.00|-0.03 -9.12|-0.03 -8.25|-0.04 -7.40|-0.04 -6.55|-0.04 -5.70|-0.04 -4.85|-0.04 -4.00|-0.04 -3.20|-0.03 -2.40|-0.02 -1.60|-0.02 -0.80|-0.01 0.00|0.00
0.73|0.00 1.46|0.00 2.20|0.00 2.93|0.01 3.66|0.01 4.28|0.01 4.90|0.00 5.53|0.00 6.15|-0.00 6.77|-0.00 7.36|-0.00 7.96|-0.00 8.55|-0.00 9.15|-0.01 9.75|-0.01 10.26|-0.03 10.78|-0.05 11.29|-0.07 11.80|-0.09 12.32|-0.12 12.79|-0.16 13.26|-0.20 13.73|-0.24 14.20|-0.28 14.67|-0.33 15.12|-0.38 15.57|-0.43 16.02|-0.48 16.47|-0.53 16.92|-0.59 17.32|-0.65 17.73|-0.71 18.13|-0.77 18.53|-0.83 18.94|-0.89 19.30|-0.94 19.66|-0.99 20.02|-1.04 20.38|-1.09 20.74|-1.14 20.92|-1.16 21.10|-1.18 21.27|-1.21 21.45|-1.23 21.63|-1.25 21.94|-1.30 22.25|-1.35 22.55|-1.40 22.86|-1.45 23.17|-1.49 23.33|-1.52 23.49|-1.54 23.65|-1.56 23.81|-1.58 23.97|-1.61 24.10|-1.63 24.22|-1.65 24.34|-1.67 24.46|-1.70 24.59|-1.72
-16.28|-0.08 -15.41|-0.08 -14.53|-0.08 -13.66|-0.08 -12.78|-0.09 -11.91|-0.09 -11.06|-0.08 -10.21|-0.08 -9.36|-0.08 -8.51|-0.08 -7.66|-0.07 -6.86|-0.06 -6.06|-0.05 -5.26|-0.04 -4.46|-0.03 -3.66|-0.02 -2.93|-0.02 -2.20|-0.01 -1.46|-0.01 -0.73|-0.00 0.00|0.00
0.62|0.00 1.24|0.00 1.86|0.00 2.48|0.00 3.11|0.00 3.70|0.00 4.30|0.00 4.89|0.00 5.49|0.01 6.08|0.01 6.60|-0.01 7.11|-0.03 7.63|-0.05 8.14|-0.07 8.66|-0.09 9.13|-0.13 9.60|-0.17 10.07|-0.21 10.54|-0.25 11.01|-0.29 11.46|-0.34 11.91|-0.39 12.36|-0.45 12.81|-0.50 13.26|-0.55 13.66|-0.61 14.07|-0.66 14.47|-0.72 14.87|-0.78 15.28|-0.84 15.64|-0.89 16.00|-0.94 16.36|-0.99 16.72|-1.04 17.08|-1.09 17.26|-1.11 17.44|-1.13 17.62|-1.15 17.79|-1.18 17.97|-1.20 18.28|-1.24 18.59|-1.29 18.90|-1.34 19.21|-1.39 19.51|-1.43 19.67|-1.45 19.84|-1.48 20.00|-1.50 20.16|-1.52 20.32|-1.54 20.44|-1.56 20.56|-1.59 20.69|-1.61 20.81|-1.63 20.93|-1.66 20.98|-1.67 21.03|-1.68 21.08|-1.69 21.13|-1.71 21.18|-1.72
-9.62|-1.76 -9.18|-1.56 -8.75|-1.35 -8.31|-1.14 -7.87|-0.94 -7.44|-0.73 -6.96|-0.60 -6.48|-0.48 -6.01|-0.35 -5.53|-0.22 -5.05|-0.09 -4.56|-0.03 -4.07|0.02 -3.58|0.08 -3.09|0.14 -2.60|0.20 -2.08|0.16 -1.56|0.12 -1.04|0.08 -0.52|0.04 0.00|0.00
0.42|-0.11 0.84|-0.22 1.26|-0.33 1.68|-0.43 2.10|-0.54 2.51|-0.70 2.91|-0.87 3.31|-1.03 3.71|-1.19 4.12|-1.35 4.49|-1.56 4.87|-1.77 5.25|-1.98 5.63|-2.20 6.01|-2.41 6.34|-2.60 6.66|-2.79 6.99|-2.98 7.31|-3.17 7.64|-3.36 7.95|-3.57 8.27|-3.78 8.58|-4.00 8.89|-4.21 9.20|-4.42 9.50|-4.65 9.80|-4.89 10.09|-5.12 10.39|-5.36 10.69|-5.59 10.93|-5.77 11.17|-5.96 11.41|-6.14 11.66|-6.33 11.90|-6.51 12.13|-6.71 12.36|-6.90 12.60|-7.10 12.83|-7.29 13.06|-7.49 13.28|-7.70 13.50|-7.91 13.73|-8.11 13.95|-8.32 14.17|-8.53 14.27|-8.64 14.37|-8.75 14.46|-8.86 14.56|-8.97 14.66|-9.08 14.75|-9.19 14.85|-9.31 14.94|-9.42 15.04|-9.54 15.13|-9.65 15.22|-9.77 15.31|-9.88 15.40|-10.00 15.49|-10.12 15.58|-10.23
-9.44|-1.41 -8.98|-1.22 -8.52|-1.03 -8.07|-0.84 -7.61|-0.65 -7.15|-0.47 -6.68|-0.35 -6.20|-0.23 -5.72|-0.10 -5.24|0.02 -4.76|0.14 -4.24|0.16 -3.72|0.19 -3.20|0.22 -2.68|0.24 -2.15|0.27 -1.72|0.22 -1.29|0.16 -0.86|0.11 -0.43|0.05 0.00|0.00
0.42|-0.11 0.84|-0.22 1.26|-0.33 1.68|-0.43 2.10|-0.54 2.50|-0.70 2.91|-0.87 3.31|-1.03 3.71|-1.19 4.11|-1.35 4.46|-1.50 4.81|-1.64 5.16|-1.79 5.50|-1.94 5.85|-2.08 6.19|-2.25 6.53|-2.43 6.86|-2.60 7.20|-2.77 7.54|-2.94 7.86|-3.13 8.19|-3.33 8.51|-3.52 8.84|-3.72 9.16|-3.91 9.42|-4.06 9.69|-4.21 9.95|-4.36 10.21|-4.51 10.48|-4.67 10.73|-4.83 10.99|-5.00 11.25|-5.16 11.50|-5.32 11.76|-5.49 12.00|-5.67 12.25|-5.85 12.49|-6.02 12.74|-6.20 12.99|-6.38 13.10|-6.48 13.21|-6.57 13.32|-6.67 13.43|-6.77 13.54|-6.86 13.65|-6.96 13.76|-7.06 13.87|-7.17 13.98|-7.27 14.08|-7.37 14.19|-7.47 14.29|-7.58 14.40|-7.68 14.50|-7.78 14.61|-7.89 14.61|-7.89 14.62|-7.89 14.63|-7.89 14.64|-7.89 14.64|-7.89
-9.19|-1.11 -8.73|-0.92 -8.27|-0.74 -7.81|-0.56 -7.35|-0.38 -6.89|-0.20 -6.38|-0.11 -5.87|-0.01 -5.35|0.08 -4.84|0.17 -4.32|0.26 -3.89|0.27 -3.46|0.27 -3.02|0.27 -2.59|0.27 -2.15|0.27 -1.72|0.22 -1.29|0.16 -0.86|0.11 -0.43|0.05 0.00|0.00
0.42|-0.11 0.84|-0.22 1.26|-0.33 1.68|-0.43 2.10|-0.54 2.46|-0.64 2.83|-0.74 3.19|-0.85 3.55|-0.95 3.92|-1.05 4.27|-1.18 4.63|-1.30 4.99|-1.43 5.34|-1.56 5.70|-1.68 6.05|-1.83 6.39|-1.98 6.74|-2.14 7.08|-2.29 7.43|-2.44 7.71|-2.55 7.99|-2.67 8.27|-2.79 8.56|-2.90 8.84|-3.02 9.11|-3.15 9.39|-3.28 9.66|-3.41 9.93|-3.54 10.21|-3.67 10.48|-3.82 10.74|-3.96 11.01|-4.11 11.28|-4.25 11.54|-4.40 11.67|-4.48 11.79|-4.56 11.91|-4.64 12.03|-4.73 12.16|-4.81 12.28|-4.89 12.40|-4.98 12.52|-5.07 12.64|-5.15 12.76|-5.24 12.87|-5.33 12.99|-5.42 13.11|-5.51 13.22|-5.60 13.34|-5.69 13.35|-5.69 13.36|-5.69 13.36|-5.69 13.37|-5.69 13.38|-5.69 13.39|-5.69 13.40|-5.69 13.40|-5.69 13.41|-5.69 13.42|-5.68
-8.96|-0.81 -8.47|-0.65 -7.97|-0.49 -7.47|-0.34 -6.97|-0.18 -6.47|-0.02 -6.04|0.04 -5.61|0.09 -5.18|0.15 -4.75|0.21 -4.32|0.26 -3.89|0.27 -3.45|0.27 -3.02|0.27 -2.59|0.27 -2.15|0.27 -1.72|0.22 -1.29|0.16 -0.86|0.11 -0.43|0.05 0.00|0.00
0.37|-0.05 0.75|-0.11 1.12|-0.16 1.49|-0.22 1.87|-0.27 2.24|-0.35 2.61|-0.43 2.98|-0.51 3.35|-0.59 3.72|-0.67 4.08|-0.78 4.44|-0.88 4.80|-0.99 5.17|-1.09 5.53|-1.20 5.82|-1.28 6.12|-1.36 6.41|-1.44 6.70|-1.52 7.00|-1.60 7.29|-1.69 7.57|-1.79 7.86|-1.88 8.15|-1.98 8.44|-2.07 8.72|-2.18 9.01|-2.29 9.29|-2.40 9.57|-2.51 9.86|-2.62 9.99|-2.69 10.12|-2.75 10.25|-2.82 10.39|-2.88 10.52|-2.95 10.65|-3.02 10.78|-3.09 10.91|-3.16 11.04|-3.23 11.17|-3.30 11.30|-3.37 11.42|-3.45 11.55|-3.52 11.68|-3.60 11.81|-3.67 11.81|-3.67 11.82|-3.67 11.83|-3.67 11.84|-3.67 11.84|-3.66 11.85|-3.66 11.86|-3.66 11.87|-3.66 11.87|-3.66 11.88|-3.66 11.88|-3.66 11.88|-3.66 11.89|-3.67 11.89|-3.67 11.89|-3.67
-0.57|-0.03 -0.55|-0.02 -0.54|-0.02 -0.52|-0.02 -0.51|-0.01 -0.49|-0.01 -0.48|-0.01 -0.47|-0.00 -0.45|-0.00 -0.44|0.00 -0.42|0.00 -0.38|0.00 -0.34|0.00 -0.30|0.00 -0.25|0.00 -0.21|0.00 -0.17|0.00 -0.13|0.00 -0.08|0.00 -0.04|0.00 0.00|0.00
0.12|-0.00 0.23|-0.01 0.35|-0.01 0.46|-0.02 0.58|-0.02 0.69|-0.02 0.81|-0.01 0.92|-0.01 1.03|-0.01 1.15|-0.00 1.23|0.00 1.30|0.01 1.38|0.01 1.46|0.02 1.53|0.03 1.61|0.03 1.69|0.03 1.76|0.03 1.84|0.03 1.92|0.03 1.99|0.04 2.05|0.06 2.12|0.07 2.19|0.09 2.26|0.10 2.32|0.12 2.39|0.14 2.46|0.16 2.52|0.17 2.59|0.19 2.78|0.22 2.96|0.25 3.14|0.28 3.33|0.30 3.51|0.33 3.69|0.37 3.88|0.40 4.06|0.44 4.24|0.47 4.42|0.50 4.77|0.61 5.11|0.72 5.46|0.83 5.80|0.94 6.14|1.05 6.46|1.21 6.78|1.38 7.10|1.55 7.42|1.72 7.74|1.88 8.03|2.10 8.31|2.32 8.60|2.54 8.88|2.76 9.17|2.98 9.58|3.47 9.98|3.95 10.39|4.44 10.79|4.93 11.20|5.41
-1.07|0.08 -1.05|0.09 -1.04|0.09 -1.02|0.09 -1.01|0.09 -0.99|0.10 -0.95|0.09 -0.91|0.09 -0.87|0.09 -0.82|0.08 -0.78|0.08 -0.74|0.07 -0.70|0.07 -0.66|0.07 -0.61|0.06 -0.57|0.06 -0.46|0.05 -0.34|0.04 -0.23|0.02 -0.11|0.01 0.00|0.00
0.11|-0.00 0.23|-0.01 0.34|-0.01 0.46|-0.02 0.57|-0.02 0.65|-0.02 0.73|-0.02 0.81|-0.02 0.88|-0.02 0.96|-0.02 1.04|-0.02 1.11|-0.03 1.19|-0.04 1.27|-0.04 1.34|-0.05 1.41|-0.03 1.48|-0.02 1.55|-0.01 1.62|-0.00 1.69|0.01 1.75|0.02 1.82|0.03 1.89|0.05 1.96|0.06 2.03|0.07 2.21|0.09 2.40|0.10 2.58|0.12 2.77|0.13 2.95|0.15 3.14|0.17 3.32|0.19 3.51|0.21 3.69|0.23 3.88|0.26 4.23|0.34 4.58|0.43 4.93|0.51 5.28|0.59 5.63|0.68 5.96|0.82 6.29|0.97 6.62|1.11 6.95|1.25 7.28|1.40 7.58|1.60 7.88|1.80 8.18|2.00 8.48|2.20 8.78|2.40 9.22|2.85 9.66|3.31 10.10|3.77 10.54|4.22 10.97|4.68 11.33|5.20 11.69|5.72 12.05|6.24 12.41|6.76 12.77|7.28
-1.56|0.23 -1.51|0.22 -1.47|0.21 -1.43|0.21 -1.39|0.20 -1.35|0.19 -1.30|0.19 -1.26|0.18 -1.22|0.18 -1.18|0.17 -1.14|0.16 -1.02|0.14 -0.91|0.12 -0.80|0.10 -0.68|0.08 -0.57|0.06 -0.46|0.05 -0.34|0.04 -0.23|0.02 -0.11|0.01 0.00|0.00
0.08|-0.00 0.15|-0.01 0.23|-0.01 0.31|-0.02 0.38|-0.02 0.46|-0.04 0.54|-0.05 0.61|-0.06 0.69|-0.07 0.77|-0.08 0.83|-0.07 0.90|-0.07 0.97|-0.06 1.04|-0.05 1.11|-0.05 1.18|-0.04 1.25|-0.03 1.32|-0.02 1.39|-0.02 1.46|-0.01 1.64|-0.01 1.83|-0.00 2.01|-0.00 2.20|0.00 2.38|0.00 2.57|0.01 2.76|0.02 2.94|0.03 3.13|0.04 3.31|0.05 3.67|0.11 4.02|0.17 4.38|0.23 4.74|0.29 5.09|0.35 5.43|0.47 5.77|0.59 6.11|0.71 6.45|0.83 6.79|0.95 7.10|1.13 7.42|1.30 7.73|1.48 8.04|1.66 8.36|1.84 8.83|2.26 9.30|2.69 9.77|3.11 10.23|3.54 10.70|3.96 11.10|4.46 11.49|4.95 11.89|5.45 12.28|5.94 12.68|6.44 12.99|6.99 13.30|7.54 13.61|8.09 13.92|8.65 14.23|9.20
-1.74|0.10 -1.70|0.09 -1.66|0.09 -1.62|0.09 -1.57|0.08 -1.53|0.08 -1.42|0.07 -1.30|0.06 -1.19|0.04 -1.07|0.03 -0.96|0.02 -0.84|0.02 -0.73|0.01 -0.61|0.01 -0.50|0.00 -0.38|-0.00 -0.31|-0.00 -0.23|-0.00 -0.15|-0.00 -0.08|-0.00 0.00|0.00
0.08|-0.01 0.15|-0.01 0.23|-0.02 0.31|-0.02 0.38|-0.03 0.45|-0.01 0.52|-0.00 0.59|0.01 0.66|0.02 0.73|0.03 0.79|0.04 0.86|0.05 0.93|0.07 1.00|0.08 1.07|0.09 1.25|0.11 1.44|0.12 1.62|0.14 1.81|0.15 1.99|0.17 2.18|0.19 2.36|0.21 2.55|0.23 2.73|0.25 2.92|0.28 3.27|0.36 3.62|0.44 3.97|0.53 4.32|0.61 4.67|0.70 5.00|0.84 5.33|0.99 5.66|1.13 5.99|1.27 6.32|1.42 6.62|1.62 6.92|1.82 7.22|2.02 7.52|2.22 7.82|2.41 8.26|2.87 8.70|3.33 9.14|3.79 9.58|4.24 10.02|4.70 10.38|5.22 10.73|5.74 11.09|6.26 11.45|6.78 11.81|7.30 12.08|7.88 12.35|8.45 12.63|9.02 12.90|9.59 13.17|10.17 13.46|10.76 13.74|11.36 14.03|11.95 14.32|12.55 14.60|13.14
-15.01|-0.14 -14.16|-0.14 -13.32|-0.13 -12.47|-0.12 -11.62|-0.12 -10.77|-0.11 -9.97|-0.10 -9.17|-0.09 -8.37|-0.07 -7.57|-0.06 -6.77|-0.04 -6.03|-0.04 -5.30|-0.03 -4.57|-0.03 -3.84|-0.02 -3.11|-0.01 -2.48|-0.01 -1.86|-0.01 -1.24|-0.00 -0.62|-0.00 0.00|0.00
0.60|0.00 1.19|0.01 1.79|0.01 2.38|0.01 2.98|0.02 3.49|-0.00 4.01|-0.02 4.52|-0.04 5.04|-0.06 5.55|-0.07 6.02|-0.11 6.49|-0.15 6.96|-0.19 7.43|-0.23 7.90|-0.27 8.35|-0.32 8.80|-0.37 9.25|-0.41 9.71|-0.46 10.16|-0.51 10.56|-0.57 10.96|-0.63 11.37|-0.68 11.77|-0.74 12.18|-0.80 12.54|-0.85 12.90|-0.89 13.26|-0.94 13.62|-0.99 13.98|-1.04 14.16|-1.06 14.34|-1.08 14.51|-1.10 14.69|-1.12 14.87|-1.15 15.18|-1.19 15.49|-1.24 15.80|-1.28 16.10|-1.33 16.41|-1.38 16.57|-1.40 16.73|-1.42 16.90|-1.44 17.06|-1.46 17.22|-1.48 17.34|-1.51 17.46|-1.53 17.59|-1.55 17.71|-1.57 17.83|-1.59 17.88|-1.61 17.93|-1.62 17.98|-1.63 18.03|-1.64 18.08|-1.66 18.09|-1.66 18.09|-1.65 18.10|-1.65 18.10|-1.65 18.11|-1.65
-13.74|-0.39 -12.94|-0.36 -12.14|-0.34 -11.34|-0.31 -10.54|-0.28 -9.74|-0.25 -9.01|-0.23 -8.28|-0.21 -7.55|-0.19 -6.81|-0.17 -6.08|-0.15 -5.46|-0.13 -4.84|-0.12 -4.22|-0.10 -3.60|-0.09 -2.98|-0.07 -2.38|-0.06 -1.79|-0.04 -1.19|-0.03 -0.60|-0.01 0.00|0.00
0.51|-0.01 1.03|-0.02 1.54|-0.03 2.06|-0.03 2.57|-0.04 3.05|-0.07 3.52|-0.10 3.99|-0.13 4.46|-0.16 4.93|-0.19 5.38|-0.23 5.83|-0.27 6.28|-0.31 6.73|-0.35 7.19|-0.39 7.59|-0.44 8.00|-0.49 8.40|-0.54 8.81|-0.59 9.21|-0.64 9.57|-0.68 9.94|-0.72 10.30|-0.76 10.66|-0.80 11.02|-0.84 11.20|-0.86 11.38|-0.88 11.56|-0.90 11.73|-0.92 11.91|-0.93 12.22|-0.97 12.53|-1.01 12.84|-1.06 13.15|-1.10 13.46|-1.14 13.62|-1.15 13.78|-1.17 13.94|-1.19 14.10|-1.21 14.26|-1.23 14.39|-1.25 14.51|-1.27 14.63|-1.29 14.76|-1.31 14.88|-1.33 14.93|-1.34 14.98|-1.35 15.03|-1.36 15.08|-1.37 15.13|-1.38 15.14|-1.38 15.14|-1.38 15.15|-1.38 15.16|-1.38 15.16|-1.38 15.17|-1.38 15.17|-1.38 15.18|-1.38 15.18|-1.38 15.19|-1.37
-12.30|-0.66 -11.57|-0.61 -10.84|-0.56 -10.11|-0.52 -9.38|-0.47 -8.65|-0.42 -8.03|-0.38 -7.41|-0.35 -6.79|-0.31 -6.17|-0.27 -5.55|-0.24 -4.95|-0.20 -4.36|-0.16 -3.76|-0.13 -3.17|-0.09 -2.57|-0.05 -2.06|-0.04 -1.54|-0.03 -1.03|-0.02 -0.51|-0.01 0.00|0.00
0.47|-0.01 0.94|-0.02 1.41|-0.04 1.89|-0.05 2.36|-0.06 2.81|-0.08 3.26|-0.11 3.72|-0.13 4.17|-0.16 4.62|-0.18 5.03|-0.21 5.43|-0.25 5.84|-0.28 6.25|-0.32 6.65|-0.35 7.02|-0.38 7.38|-0.41 7.74|-0.44 8.11|-0.46 8.47|-0.49 8.65|-0.50 8.83|-0.52 9.01|-0.53 9.18|-0.54 9.36|-0.55 9.67|-0.58 9.98|-0.61 10.30|-0.64 10.61|-0.67 10.92|-0.69 11.08|-0.71 11.24|-0.72 11.40|-0.73 11.56|-0.74 11.72|-0.76 11.85|-0.77 11.97|-0.79 12.10|-0.80 12.22|-0.82 12.35|-0.83 12.40|-0.84 12.45|-0.85 12.50|-0.86 12.55|-0.87 12.60|-0.88 12.61|-0.88 12.61|-0.88 12.62|-0.88 12.62|-0.88 12.63|-0.87 12.63|-0.87 12.64|-0.87 12.64|-0.87 12.65|-0.87 12.65|-0.87 12.65|-0.86 12.64|-0.85 12.63|-0.84 12.62|-0.83 12.62|-0.82
-10.98|-0.86 -10.36|-0.79 -9.74|-0.73 -9.13|-0.66 -8.51|-0.60 -7.89|-0.53 -7.30|-0.47 -6.71|-0.41 -6.11|-0.34 -5.52|-0.28 -4.93|-0.21 -4.41|-0.18 -3.90|-0.15 -3.39|-0.11 -2.87|-0.08 -2.36|-0.05 -1.89|-0.04 -1.42|-0.03 -0.94|-0.02 -0.47|-0.01 0.00|0.00
0.45|-0.00 0.91|-0.01 1.36|-0.01 1.81|-0.01 2.27|-0.02 2.67|-0.03 3.08|-0.05 3.49|-0.06 3.90|-0.08 4.30|-0.10 4.67|-0.11 5.03|-0.12 5.40|-0.13 5.76|-0.14 6.13|-0.15 6.30|-0.16 6.48|-0.16 6.66|-0.16 6.84|-0.17 7.02|-0.17 7.33|-0.19 7.64|-0.20 7.96|-0.21 8.27|-0.23 8.58|-0.24 8.74|-0.25 8.90|-0.25 9.06|-0.26 9.23|-0.26 9.39|-0.27 9.51|-0.28 9.64|-0.29 9.76|-0.30 9.89|-0.31 10.01|-0.32 10.06|-0.32 10.11|-0.33 10.17|-0.34 10.22|-0.35 10.27|-0.35 10.27|-0.35 10.28|-0.35 10.28|-0.35 10.29|-0.35 10.29|-0.35 10.30|-0.35 10.30|-0.34 10.31|-0.34 10.32|-0.34 10.32|-0.34 10.31|-0.33 10.30|-0.32 10.30|-0.31 10.29|-0.30 10.28|-0.29 10.27|-0.31 10.26|-0.32 10.25|-0.34 10.24|-0.36 10.24|-0.37
-10.14|-0.80 -9.55|-0.72 -8.96|-0.64 -8.37|-0.56 -7.78|-0.48 -7.19|-0.40 -6.67|-0.35 -6.16|-0.30 -5.65|-0.26 -5.13|-0.21 -4.62|-0.16 -4.15|-0.14 -3.68|-0.11 -3.21|-0.09 -2.74|-0.07 -2.27|-0.05 -1.81|-0.04 -1.36|-0.03 -0.91|-0.02 -0.45|-0.01 0.00|0.00
0.41|-0.00 0.82|-0.01 1.22|-0.01 1.63|-0.02 2.04|-0.02 2.40|-0.02 2.77|-0.03 3.13|-0.03 3.50|-0.03 3.86|-0.03 4.04|-0.03 4.22|-0.03 4.40|-0.03 4.58|-0.02 4.76|-0.02 5.07|-0.03 5.38|-0.03 5.69|-0.04 6.00|-0.05 6.32|-0.05 6.48|-0.05 6.64|-0.05 6.80|-0.05 6.96|-0.05 7.13|-0.05 7.25|-0.06 7.38|-0.07 7.50|-0.07 7.63|-0.08 7.75|-0.08 7.80|-0.09 7.85|-0.10 7.91|-0.10 7.96|-0.11 8.01|-0.11 8.01|-0.11 8.02|-0.11 8.02|-0.11 8.03|-0.11 8.03|-0.11 8.04|-0.11 8.05|-0.10 8.05|-0.10 8.06|-0.10 8.06|-0.10 8.05|-0.09 8.04|-0.08 8.04|-0.07 8.03|-0.06 8.02|-0.05 8.01|-0.07 8.00|-0.09 7.99|-0.10 7.98|-0.12 7.98|-0.13 7.97|-0.12 7.96|-0.12 7.95|-0.11 7.94|-0.10 7.94|-0.09
-9.23|-0.31 -8.72|-0.27 -8.20|-0.22 -7.69|-0.18 -7.18|-0.13 -6.66|-0.09 -6.19|-0.07 -5.72|-0.05 -5.25|-0.03 -4.78|-0.01 -4.31|0.01 -3.85|0.01 -3.40|0.02 -2.95|0.03 -2.49|0.03 -2.04|0.04 -1.63|0.03 -1.22|0.02 -0.82|0.02 -0.41|0.01 0.00|0.00
0.36|-0.00 0.73|-0.01 1.09|-0.01 1.46|-0.02 1.82|-0.02 2.00|-0.02 2.18|-0.02 2.36|-0.02 2.54|-0.02 2.72|-0.02 3.03|-0.03 3.34|-0.03 3.65|-0.04 3.96|-0.05 4.28|-0.06 4.44|-0.06 4.60|-0.06 4.76|-0.06 4.92|-0.06 5.09|-0.07 5.21|-0.07 5.34|-0.08 5.46|-0.09 5.59|-0.09 5.71|-0.10 5.76|-0.11 5.81|-0.11 5.86|-0.12 5.92|-0.13 5.97|-0.13 5.97|-0.13 5.98|-0.13 5.98|-0.13 5.99|-0.13 5.99|-0.12 6.00|-0.12 6.00|-0.12 6.01|-0.12 6.01|-0.12 6.02|-0.12 6.01|-0.11 6.00|-0.10 6.00|-0.09 5.99|-0.08 5.98|-0.07 5.97|-0.09 5.96|-0.10 5.95|-0.12 5.94|-0.14 5.93|-0.15 5.93|-0.14 5.92|-0.13 5.91|-0.12 5.90|-0.11 5.89|-0.10 5.88|-0.11 5.87|-0.11 5.85|-0.12 5.84|-0.12 5.82|-0.12
-0.03|0.01 -0.02|0.01 -0.01|0.01 -0.00|0.01 0.01|0.00 0.01|-0.00 0.01|-0.00 0.00|-0.00 -0.00|-0.00 -0.01|-0.00 -0.01|-0.00 -0.01|-0.00 -0.01|-0.00 -0.01|-0.00 -0.01|-0.00 -0.01|-0.00 -0.01|-0.00 -0.01|-0.00 -0.01|-0.00 -0.00|-0.00 0.00|0.00
0.01|0.00 0.03|0.00 0.04|0.00 0.06|0.00 0.07|0.00 0.07|0.00 0.07|0.00 0.07|0.00 0.07|0.00 0.07|0.00 0.07|0.00 0.07|0.00 0.07|0.00 0.07|0.00 0.07|0.00 0.07|0.00 0.07|0.00 0.07|0.00 0.07|0.00 0.07|0.00 0.07|0.00 0.07|0.00 0.07|0.00 0.07|0.00 0.07|0.00 0.07|0.00 0.06|0.01 0.06|0.01 0.05|0.01 0.04|0.01 0.04|0.02 0.03|0.02 0.03|0.02 0.02|0.03 0.01|0.03 0.01|0.03 0.00|0.03 -0.00|0.03 -0.01|0.03 -0.01|0.03 0.13|0.03 0.27|0.03 0.41|0.03 0.56|0.03 0.70|0.03 0.72|0.04 0.74|0.04 0.75|0.05 0.77|0.05 0.79|0.06 1.01|0.06 1.23|0.06 1.45|0.06 1.67|0.06 1.89|0.06 2.23|0.09 2.57|0.11 2.91|0.14 3.24|0.17 3.58|0.19
-0.06|-0.00 -0.07|-0.00 -0.07|-0.00 -0.08|-0.00 -0.08|-0.00 -0.09|-0.00 -0.09|-0.00 -0.09|-0.00 -0.09|-0.00 -0.09|-0.00 -0.09|-0.00 -0.09|-0.00 -0.08|-0.00 -0.08|-0.00 -0.08|-0.00 -0.07|-0.00 -0.06|-0.00 -0.04|-0.00 -0.03|-0.00 -0.01|-0.00 0.00|0.00
-0.00|-0.00 -0.00|-0.00 -0.00|-0.00 -0.00|-0.00 -0.00|-0.00 -0.00|-0.00 -0.00|-0.00 -0.00|-0.00 -0.00|-0.00 -0.00|-0.00 -0.00|-0.00 -0.00|-0.00 -0.00|-0.00 -0.00|-0.00 -0.00|-0.00 -0.00|-0.00 -0.00|-0.00 -0.00|-0.00 -0.00|-0.00 -0.00|-0.00 -0.01|0.00 -0.01|0.01 -0.02|0.01 -0.02|0.01 -0.03|0.01 -0.04|0.02 -0.04|0.02 -0.05|0.02 -0.05|0.03 -0.06|0.03 -0.07|0.03 -0.07|0.03 -0.08|0.03 -0.08|0.03 -0.09|0.03 0.05|0.03 0.20|0.03 0.34|0.03 0.48|0.03 0.63|0.03 0.64|0.04 0.66|0.04 0.68|0.05 0.70|0.05 0.72|0.06 0.94|0.06 1.16|0.06 1.38|0.06 1.60|0.06 1.82|0.06 2.16|0.09 2.49|0.11 2.83|0.14 3.17|0.17 3.51|0.19 3.84|0.25 4.18|0.31 4.51|0.37 4.85|0.43 5.18|0.49
-1.92|-0.03 -1.80|-0.03 -1.69|-0.04 -1.57|-0.04 -1.46|-0.04 -1.34|-0.05 -1.23|-0.04 -1.11|-0.04 -1.00|-0.04 -0.88|-0.03 -0.77|-0.03 -0.69|-0.02 -0.62|-0.02 -0.54|-0.01 -0.46|-0.01 -0.38|-0.00 -0.31|-0.00 -0.23|-0.00 -0.15|-0.00 -0.08|-0.00 0.00|0.00
0.07|0.02 0.14|0.03 0.20|0.05 0.27|0.06 0.34|0.08 0.40|0.10 0.47|0.11 0.54|0.13 0.61|0.15 0.67|0.16 0.86|0.19 1.04|0.22 1.22|0.25 1.41|0.28 1.59|0.31 1.78|0.34 1.96|0.37 2.14|0.41 2.32|0.44 2.51|0.48 2.85|0.59 3.19|0.70 3.54|0.80 3.88|0.91 4.23|1.02 4.54|1.19 4.86|1.35 5.18|1.52 5.50|1.69 5.82|1.86 6.11|2.07 6.39|2.29 6.68|2.51 6.97|2.73 7.25|2.95 7.66|3.44 8.06|3.93 8.47|4.41 8.87|4.90 9.28|5.38 9.60|5.93 9.92|6.47 10.25|7.02 10.57|7.56 10.89|8.11 11.12|8.70 11.35|9.29 11.58|9.88 11.81|10.47 12.04|11.06 12.29|11.67 12.53|12.29 12.78|12.90 13.02|13.51 13.27|14.13 13.57|14.91 13.88|15.70 14.19|16.49 14.49|17.28 14.80|18.06
-1.68|-0.07 -1.57|-0.07 -1.45|-0.07 -1.34|-0.07 -1.22|-0.07 -1.11|-0.07 -1.03|-0.07 -0.96|-0.07 -0.88|-0.06 -0.80|-0.06 -0.72|-0.06 -0.65|-0.06 -0.57|-0.06 -0.49|-0.06 -0.42|-0.07 -0.34|-0.07 -0.27|-0.05 -0.20|-0.04 -0.14|-0.03 -0.07|-0.01 0.00|0.00
0.07|0.02 0.14|0.03 0.20|0.05 0.27|0.06 0.34|0.08 0.52|0.10 0.71|0.12 0.89|0.14 1.08|0.17 1.26|0.19 1.44|0.22 1.63|0.25 1.81|0.28 2.00|0.30 2.18|0.33 2.53|0.43 2.87|0.53 3.22|0.63 3.57|0.73 3.91|0.82 4.24|0.98 4.56|1.14 4.89|1.30 5.21|1.45 5.54|1.61 5.83|1.82 6.12|2.03 6.41|2.24 6.71|2.45 7.00|2.66 7.42|3.14 7.84|3.61 8.26|4.08 8.68|4.56 9.10|5.03 9.44|5.57 9.78|6.10 10.11|6.64 10.45|7.17 10.79|7.71 11.04|8.29 11.29|8.87 11.54|9.45 11.79|10.04 12.03|10.62 12.30|11.22 12.56|11.83 12.82|12.44 13.09|13.04 13.35|13.65 13.68|14.43 14.01|15.20 14.34|15.98 14.67|16.76 15.00|17.53 15.34|18.31 15.67|19.09 16.00|19.87 16.33|20.64 16.66|21.42
-1.45|-0.11 -1.37|-0.10 -1.30|-0.10 -1.22|-0.10 -1.14|-0.10 -1.07|-0.10 -0.99|-0.11 -0.91|-0.11 -0.84|-0.11 -0.76|-0.12 -0.68|-0.12 -0.61|-0.11 -0.55|-0.10 -0.48|-0.09 -0.41|-0.08 -0.34|-0.07 -0.27|-0.05 -0.20|-0.04 -0.14|-0.03 -0.07|-0.01 0.00|0.00
0.19|0.02 0.37|0.03 0.56|0.05 0.74|0.07 0.93|0.09 1.11|0.11 1.29|0.13 1.48|0.15 1.66|0.18 1.85|0.20 2.20|0.29 2.55|0.38 2.90|0.46 3.25|0.55 3.60|0.64 3.93|0.79 4.26|0.93 4.58|1.08 4.91|1.23 5.24|1.37 5.54|1.58 5.84|1.78 6.14|1.98 6.44|2.18 6.74|2.38 7.17|2.84 7.60|3.30 8.04|3.76 8.47|4.22 8.91|4.69 9.26|5.21 9.62|5.73 9.97|6.26 10.33|6.78 10.68|7.31 10.95|7.88 11.21|8.46 11.48|9.03 11.75|9.60 12.01|10.18 12.29|10.78 12.58|11.37 12.86|11.97 13.14|12.57 13.42|13.17 13.78|13.94 14.13|14.70 14.48|15.47 14.84|16.24 15.19|17.00 15.55|17.77 15.90|18.54 16.26|19.30 16.61|20.07 16.96|20.84 17.29|21.66 17.62|22.48 17.95|23.31 18.28|24.13 18.61|24.95
0.00|0.00 0.00|0.00 0.00|0.00 0.00|0.00 0.00|0.00 0.00|0.00 0.00|0.00 0.00|0.00 0.00|0.00 0.00|0.00 0.00|0.00 0.00|0.00 0.00|0.00 0.00|0.00 0.00|0.00 -4.39|-0.05 -3.51|-0.04 -2.64|-0.03 -1.76|-0.02 -0.88|-0.01 0.00|0.00
0.87|0.00 1.75|0.00 2.62|0.00 3.50|0.00 4.37|0.00 5.22|0.01 6.07|0.01 6.92|0.02 7.77|0.03 8.62|0.03 9.42|0.05 10.22|0.06 11.02|0.07 11.82|0.09 12.62|0.10 13.35|0.11 14.08|0.11 14.82|0.12 15.55|0.13 16.28|0.13 16.90|0.13 17.52|0.14 18.14|0.14 18.76|0.14 19.39|0.14 19.98|0.15 20.58|0.15 21.17|0.15 21.77|0.16 22.36|0.16 22.88|0.14 23.39|0.12 23.91|0.11 24.42|0.09 24.94|0.07 25.41|0.03 25.88|-0.01 26.35|-0.05 26.82|-0.08 27.29|-0.12 27.74|-0.17 28.19|-0.22 28.64|-0.27 29.09|-0.32 29.54|-0.37 29.95|-0.42 30.35|-0.48 30.75|-0.54 31.16|-0.60 31.56|-0.65 31.92|-0.70 32.28|-0.75 32.64|-0.80 33.01|-0.85 33.37|-0.89 33.54|-0.92 33.72|-0.94 33.90|-0.96 34.08|-0.98 34.26|-1.00
-8.34|-0.33 -7.91|-0.25 -7.49|-0.16 -7.06|-0.07 -6.64|0.01 -6.21|0.10 -5.78|0.13 -5.35|0.16 -4.91|0.20 -4.48|0.23 -4.05|0.26 -3.61|0.23 -3.18|0.21 -2.75|0.19 -2.31|0.16 -1.88|0.14 -1.51|0.11 -1.13|0.08 -0.75|0.06 -0.38|0.03 0.00|0.00
0.37|-0.05 0.75|-0.11 1.12|-0.16 1.50|-0.22 1.87|-0.27 2.24|-0.35 2.61|-0.43 2.98|-0.51 3.35|-0.59 3.72|-0.67 4.02|-0.73 4.31|-0.79 4.61|-0.85 4.91|-0.91 5.21|-0.97 5.50|-1.04 5.80|-1.12 6.09|-1.19 6.39|-1.26 6.68|-1.34 6.97|-1.43 7.26|-1.52 7.55|-1.61 7.84|-1.70 8.13|-1.79 8.27|-1.84 8.41|-1.90 8.54|-1.96 8.68|-2.01 8.82|-2.07 8.95|-2.13 9.09|-2.19 9.22|-2.25 9.36|-2.31 9.49|-2.37 9.62|-2.44 9.75|-2.50 9.89|-2.57 10.02|-2.63 10.15|-2.70 10.16|-2.70 10.17|-2.70 10.17|-2.69 10.18|-2.69 10.19|-2.69 10.20|-2.69 10.20|-2.69 10.21|-2.68 10.22|-2.68 10.23|-2.68 10.23|-2.68 10.23|-2.69 10.23|-2.69 10.23|-2.69 10.23|-2.70 10.23|-2.70 10.24|-2.70 10.24|-2.71 10.24|-2.71 10.24|-2.71
-8.09|-0.19 -7.66|-0.13 -7.23|-0.07 -6.80|-0.01 -6.37|0.05 -5.94|0.11 -5.51|0.12 -5.07|0.13 -4.64|0.13 -4.21|0.14 -3.77|0.15 -3.40|0.15 -3.02|0.14 -2.64|0.14 -2.26|0.14 -1.89|0.14 -1.51|0.11 -1.13|0.08 -0.75|0.06 -0.38|0.03 0.00|0.00
0.37|-0.05 0.75|-0.11 1.12|-0.16 1.50|-0.22 1.87|-0.27 2.17|-0.31 2.47|-0.35 2.77|-0.39 3.08|-0.42 3.38|-0.46 3.68|-0.51 3.98|-0.57 4.28|-0.62 4.58|-0.68 4.87|-0.73 5.17|-0.80 5.47|-0.87 5.76|-0.94 6.06|-1.01 6.35|-1.08 6.49|-1.12 6.63|-1.17 6.77|-1.21 6.91|-1.26 7.05|-1.31 7.19|-1.36 7.33|-1.41 7.47|-1.46 7.61|-1.51 7.75|-1.56 7.88|-1.62 8.02|-1.68 8.16|-1.73 8.29|-1.79 8.43|-1.84 8.44|-1.84 8.44|-1.84 8.45|-1.84 8.46|-1.84 8.47|-1.83 8.47|-1.83 8.48|-1.83 8.49|-1.83 8.50|-1.82 8.50|-1.82 8.50|-1.82 8.51|-1.83 8.51|-1.83 8.51|-1.83 8.51|-1.84 8.51|-1.84 8.51|-1.84 8.51|-1.85 8.52|-1.85 8.52|-1.85 8.52|-1.86 8.52|-1.86 8.52|-1.86 8.52|-1.87 8.53|-1.87
-7.82|-0.16 -7.39|-0.12 -6.95|-0.09 -6.52|-0.05 -6.09|-0.01 -5.66|0.02 -5.28|0.05 -4.90|0.07 -4.53|0.10 -4.15|0.12 -3.78|0.15 -3.40|0.15 -3.02|0.15 -2.64|0.14 -2.26|0.14 -1.88|0.14 -1.51|0.11 -1.13|0.08 -0.75|0.06 -0.38|0.03 0.00|0.00
0.30|-0.02 0.61|-0.03 0.91|-0.05 1.21|-0.07 1.52|-0.08 1.82|-0.12 2.12|-0.15 2.43|-0.18 2.73|-0.21 3.03|-0.25 3.33|-0.30 3.63|-0.34 3.93|-0.39 4.23|-0.44 4.53|-0.49 4.67|-0.53 4.82|-0.56 4.96|-0.60 5.10|-0.64 5.24|-0.67 5.39|-0.71 5.53|-0.76 5.67|-0.80 5.81|-0.84 5.95|-0.88 6.09|-0.93 6.23|-0.97 6.37|-1.02 6.51|-1.07 6.65|-1.11 6.66|-1.11 6.67|-1.11 6.67|-1.10 6.68|-1.10 6.69|-1.10 6.70|-1.09 6.70|-1.09 6.71|-1.09 6.72|-1.08 6.73|-1.08 6.73|-1.08 6.73|-1.09 6.73|-1.09 6.73|-1.09 6.73|-1.10 6.74|-1.10 6.74|-1.10 6.74|-1.11 6.74|-1.11 6.74|-1.11 6.74|-1.12 6.75|-1.12 6.75|-1.12 6.75|-1.13 6.75|-1.13 6.75|-1.13 6.75|-1.14 6.76|-1.14 6.76|-1.14 6.76|-1.15
-7.17|-0.27 -6.80|-0.22 -6.42|-0.18 -6.05|-0.13 -5.67|-0.09 -5.30|-0.05 -4.92|-0.03 -4.54|-0.01 -4.17|0.01 -3.79|0.03 -3.41|0.05 -3.03|0.04 -2.65|0.03 -2.28|0.02 -1.90|0.01 -1.52|0.00 -1.22|0.00 -0.91|0.00 -0.61|0.00 -0.30|0.00 0.00|0.00
0.30|-0.02 0.61|-0.03 0.91|-0.05 1.21|-0.07 1.52|-0.08 1.82|-0.12 2.12|-0.15 2.42|-0.18 2.73|-0.21 3.03|-0.25 3.17|-0.28 3.32|-0.31 3.46|-0.33 3.61|-0.36 3.75|-0.39 3.90|-0.43 4.04|-0.46 4.18|-0.49 4.33|-0.53 4.47|-0.56 4.61|-0.60 4.75|-0.64 4.90|-0.68 5.04|-0.72 5.18|-0.76 5.19|-0.75 5.20|-0.75 5.20|-0.75 5.21|-0.74 5.22|-0.74 5.22|-0.74 5.23|-0.73 5.24|-0.73 5.24|-0.73 5.25|-0.72 5.25|-0.73 5.26|-0.73 5.26|-0.73 5.26|-0.74 5.26|-0.74 5.26|-0.74 5.26|-0.75 5.27|-0.75 5.27|-0.75 5.27|-0.75 5.27|-0.76 5.27|-0.76 5.28|-0.76 5.28|-0.77 5.28|-0.77 5.28|-0.77 5.28|-0.78 5.29|-0.78 5.29|-0.78 5.29|-0.79 5.29|-0.79 5.29|-0.79 5.30|-0.79 5.30|-0.80 5.30|-0.80
0.00|0.00 0.00|0.00 0.00|0.00 0.00|0.00 0.00|0.00 0.00|0.00 0.00|0.00 0.00|0.00 0.00|0.00 0.00|0.00 -4.44|-0.12 -4.00|-0.11 -3.55|-0.10 -3.11|-0.09 -2.66|-0.07 -2.22|-0.06 -1.78|-0.05 -1.33|-0.04 -0.89|-0.02 -0.44|-0.01 0.00|0.00
0.44|0.01 0.89|0.02 1.33|0.04 1.78|0.05 2.22|0.06 2.66|0.07 3.11|0.09 3.55|0.10 4.00|0.11 4.44|0.12 4.53|0.12 4.62|0.12 4.71|0.12 4.79|0.12 4.88|0.12 4.97|0.12 5.06|0.12 5.15|0.12 5.24|0.12 5.33|0.12 5.41|0.11 5.50|0.11 5.59|0.11 5.68|0.11 5.77|0.11 5.76|0.11 5.76|0.10 5.76|0.09 5.76|0.09 5.76|0.08 5.75|0.08 5.75|0.07 5.75|0.07 5.75|0.06 5.75|0.05 5.74|0.05 5.74|0.04 5.74|0.04 5.74|0.03 5.74|0.03 5.75|0.01 5.77|0.00 5.78|-0.01 5.80|-0.02 5.81|-0.03 5.93|-0.05 6.04|-0.08 6.16|-0.10 6.27|-0.12 6.39|-0.14 6.50|-0.16 6.61|-0.18 6.73|-0.20 6.84|-0.22 6.96|-0.24 7.08|-0.28 7.20|-0.31 7.32|-0.35 7.45|-0.38 7.57|-0.41
0.00|0.00 0.00|0.00 0.00|0.00 0.00|0.00 0.00|0.00 -6.66|-0.21 -6.22|-0.20 -5.77|-0.19 -5.33|-0.17 -4.88|-0.16 -4.44|-0.14 -4.00|-0.13 -3.55|-0.11 -3.11|-0.10 -2.66|-0.09 -2.22|-0.07 -1.78|-0.06 -1.33|-0.04 -0.89|-0.03 -0.44|-0.01 0.00|0.00
0.44|0.01 0.89|0.03 1.33|0.04 1.78|0.06 2.22|0.07 2.31|0.07 2.40|0.07 2.49|0.07 2.57|0.07 2.66|0.07 2.75|0.07 2.84|0.07 2.93|0.07 3.02|0.07 3.10|0.07 3.19|0.07 3.28|0.07 3.37|0.07 3.46|0.07 3.55|0.07 3.54|0.06 3.54|0.05 3.54|0.05 3.54|0.04 3.54|0.04 3.53|0.03 3.53|0.02 3.53|0.02 3.53|0.01 3.53|0.01 3.52|0.00 3.52|-0.00 3.52|-0.01 3.52|-0.02 3.52|-0.02 3.53|-0.03 3.55|-0.04 3.56|-0.06 3.58|-0.07 3.59|-0.08 3.71|-0.10 3.82|-0.12 3.94|-0.14 4.05|-0.16 4.17|-0.18 4.28|-0.20 4.39|-0.22 4.51|-0.24 4.62|-0.26 4.74|-0.28 4.86|-0.32 4.98|-0.35 5.11|-0.39 5.23|-0.42 5.35|-0.45 5.47|-0.50 5.58|-0.55 5.70|-0.59 5.82|-0.64 5.94|-0.69
-8.88|-0.32 -8.43|-0.31 -7.99|-0.29 -7.55|-0.27 -7.10|-0.26 -6.66|-0.24 -6.21|-0.23 -5.77|-0.21 -5.33|-0.19 -4.88|-0.18 -4.44|-0.16 -4.00|-0.15 -3.55|-0.13 -3.11|-0.11 -2.66|-0.10 -2.22|-0.08 -1.78|-0.06 -1.33|-0.05 -0.89|-0.03 -0.44|-0.02 0.00|0.00
0.09|-0.00 0.18|-0.00 0.27|-0.00 0.35|-0.00 0.44|-0.00 0.53|-0.00 0.62|-0.00 0.71|-0.00 0.80|-0.00 0.88|0.00 0.97|0.00 1.06|0.00 1.15|0.00 1.24|0.00 1.33|0.00 1.32|-0.01 1.32|-0.01 1.32|-0.02 1.32|-0.02 1.32|-0.03 1.31|-0.03 1.31|-0.04 1.31|-0.05 1.31|-0.05 1.31|-0.06 1.30|-0.06 1.30|-0.07 1.30|-0.07 1.30|-0.08 1.30|-0.09 1.31|-0.10 1.33|-0.11 1.34|-0.12 1.36|-0.13 1.37|-0.14 1.49|-0.16 1.60|-0.18 1.72|-0.20 1.83|-0.22 1.95|-0.24 2.06|-0.26 2.18|-0.28 2.29|-0.30 2.41|-0.32 2.52|-0.34 2.64|-0.38 2.77|-0.41 2.89|-0.44 3.01|-0.48 3.13|-0.51 3.25|-0.56 3.37|-0.60 3.49|-0.65 3.60|-0.70 3.72|-0.74 3.78|-0.77 3.84|-0.80 3.91|-0.84 3.97|-0.87 4.03|-0.90
-7.10|-0.24 -6.66|-0.23 -6.21|-0.21 -5.77|-0.19 -5.33|-0.18 -4.88|-0.16 -4.44|-0.14 -3.99|-0.13 -3.55|-0.11 -3.11|-0.10 -2.66|-0.08 -2.22|-0.06 -1.77|-0.05 -1.33|-0.03 -0.89|-0.02 -0.44|0.00 -0.35|0.00 -0.27|0.00 -0.18|0.00 -0.09|0.00 0.00|0.00
0.09|0.00 0.18|0.00 0.27|0.00 0.35|0.00 0.44|0.00 0.53|0.00 0.62|0.00 0.71|0.00 0.80|0.00 0.88|0.00 0.88|-0.01 0.88|-0.01 0.88|-0.02 0.88|-0.02 0.87|-0.03 0.87|-0.03 0.87|-0.04 0.87|-0.05 0.87|-0.05 0.86|-0.06 0.86|-0.06 0.86|-0.07 0.86|-0.07 0.86|-0.08 0.85|-0.09 0.87|-0.10 0.88|-0.11 0.90|-0.12 0.91|-0.13 0.93|-0.14 1.04|-0.16 1.16|-0.18 1.27|-0.20 1.39|-0.22 1.50|-0.24 1.62|-0.26 1.73|-0.28 1.85|-0.30 1.96|-0.32 2.08|-0.34 2.20|-0.38 2.32|-0.41 2.45|-0.44 2.57|-0.48 2.69|-0.51 2.81|-0.56 2.93|-0.60 3.04|-0.65 3.16|-0.69 3.28|-0.74 3.34|-0.77 3.40|-0.80 3.46|-0.83 3.52|-0.87 3.59|-0.90 3.65|-0.93 3.71|-0.97 3.76|-1.00 3.82|-1.03 3.88|-1.07
